   8.0260488e-02   1.4114172e-02   2.1714707e+00   3.0648512e-02  -1.1907616e-02  -6.6608316e-01   7.9314626e-03   4.6168649e-07   3.8343908e-01   1.7702865e-07   6.6162902e+01   2.0000000e+00   1.0000000e+00   1.6468586e-01   1.8000000e+01
  -1.1587608e+00   1.6546009e-02   3.9737728e-01   6.5750080e-03  -8.8452728e-02  -2.5102297e+00   2.2203667e-01  -3.7963675e-02  -2.7840311e+00   1.0569205e-01   5.2536619e+01   1.0000000e+00   1.0000000e+00   2.9830052e-01   1.6000000e+01
  -5.3925015e-01  -2.5608141e-02  -8.4783501e-02   2.1711479e-03   2.3925473e-02  -1.2258588e+00  -2.9329251e-02  -7.0346289e-02   6.9761717e-01  -4.9074779e-02   6.1412731e+01   1.0000000e+00   1.0000000e+00   1.2195999e-01   1.3000000e+01
  -1.1587608e+00  -2.3066657e-02   1.6415344e+00  -3.7864710e-02  -3.1462664e-02   1.3409174e+00  -4.2188833e-02  -4.3955842e-02   4.8439429e-01  -2.1291959e-02   6.1311431e+01   2.0000000e+00   1.0000000e+00   1.7978409e-01   1.4000000e+01
  -1.1587608e+00   6.9955279e-02  -1.4694946e+00  -1.0279891e-01  -7.6012426e-02   3.5770987e-01  -2.7190395e-02  -1.5458659e-01  -7.9358336e-01   1.2267734e-01   5.8362765e+01   2.0000000e+00   1.0000000e+00   8.0310990e-02   1.6000000e+01
  -1.1587608e+00  -1.9450875e-02   6.3285652e+00  -1.2309613e-01  -3.5419709e-02  -8.5573750e-01   3.0309973e-02  -1.5927341e-02  -4.6712413e-01   7.4400454e-03   7.9014374e+01   2.0000000e+00   1.0000000e+00   4.3107692e-01   8.0000000e+00
  -5.3925015e-01  -9.3278146e-03   2.9216556e+00  -2.7252662e-02   2.0098575e-02   2.3061591e-01   4.6350512e-03  -1.9444566e-03   9.9609552e-01  -1.9368645e-03   6.8766598e+01   2.0000000e+00   2.0000000e+00   2.4045585e-01   2.5000000e+01
  -1.1587608e+00   1.0506762e-02  -3.0800300e+00  -3.2361141e-02  -8.7599998e-02   4.9888538e-01  -4.3702358e-02  -9.5974011e-02  -8.7312594e-01   8.3797398e-02   6.8350445e+01   2.0000000e+00   1.0000000e+00   4.0823132e-01   1.4000000e+01
  -1.1587608e+00   3.5529399e-02   3.3718400e+00   1.1979945e-01  -7.0951024e-03  -2.1623129e+00   1.5341831e-02  -4.1398186e-02  -1.6842266e+00   6.9723926e-02   6.3414100e+01   2.0000000e+00   1.0000000e+00   3.9504499e-01   1.4000000e+01
   6.9977113e-01  -2.6434459e-02  -1.4386664e+00   3.8030366e-02  -1.2587371e-02  -9.7424287e-01   1.2263156e-02  -3.2946709e-02  -2.5391245e-01   8.3655794e-03   8.0856947e+01   2.0000000e+00   2.0000000e+00   4.5902208e-01   1.8000000e+01
  -1.7782714e+00   5.5609140e-02   3.7594971e+00   2.0906240e-01  -7.3710407e-02   9.3571837e-01  -6.8972182e-02  -1.0245151e-01  -1.7900916e+00   1.8339760e-01   5.2626968e+01   2.0000000e+00   1.0000000e+00   4.3445187e-01   1.6000000e+01
  -1.1587608e+00   6.7651478e-02   2.2272166e+00   1.5067449e-01  -7.3036734e-02  -1.9843068e-01   1.4492729e-02  -1.0353003e-01  -3.9483583e-01   4.0877366e-02   6.1095140e+01   2.0000000e+00   1.0000000e+00   4.3105616e-01   1.7000000e+01
  -1.1587608e+00   4.5544783e-02   5.9700341e+00   2.7190391e-01  -7.3223180e-02  -8.3410706e-01   6.1075971e-02   1.9592170e-02  -1.3782860e-01  -2.7003614e-03   5.6947296e+01   2.0000000e+00   1.0000000e+00   3.5415080e-01   1.3000000e+01
  -1.1587608e+00   1.6576389e-02   1.2265921e+00   2.0332467e-02  -2.7344767e-02   1.5919432e-01  -4.3531316e-03  -5.4562389e-02  -9.3684986e-01   5.1116767e-02   7.2761123e+01   2.0000000e+00   2.0000000e+00   1.7093524e-01   1.6000000e+01
  -1.7782714e+00   8.0482300e-02   3.2226776e+00   2.5936851e-01  -1.2214292e-01  -9.1918084e-01   1.1227143e-01  -6.3628622e-02  -1.1900772e+00   7.5722975e-02   5.8559890e+01   2.0000000e+00   1.0000000e+00   1.8498179e-01   1.2000000e+01
  -1.1587608e+00   9.1533992e-02   5.8953604e+00   5.3962587e-01  -1.1359791e-01  -4.3608374e-01   4.9538199e-02  -6.8508442e-02  -1.8316596e+00   1.2548415e-01   4.7715264e+01   2.0000000e+00   2.0000000e+00   3.4633051e-01   1.7000000e+01
  -1.7782714e+00   2.1081024e-02   1.9965658e+00   4.2089651e-02  -9.4078948e-03  -3.0830532e-01   2.9005040e-03   7.0545081e-03   2.4603361e-01   1.7356461e-03   6.9697467e+01   1.0000000e+00   1.0000000e+00   2.5330834e-01   1.2000000e+01
  -1.1587608e+00  -3.2112591e-03   3.7088734e-01  -1.1910153e-03  -7.1971931e-02  -2.2005169e+00   1.5837545e-01  -7.1856842e-02  -1.9944664e-01   1.4331605e-02   5.4622861e+01   2.0000000e+00   1.0000000e+00   1.5514284e-01   1.6000000e+01
  -1.1587608e+00   8.2055148e-02   3.0908356e+00   2.5361898e-01  -9.8699649e-02   5.1323819e-01  -5.0656430e-02  -7.3556513e-02  -1.2914790e+00   9.4996690e-02   7.0228611e+01   2.0000000e+00   1.0000000e+00   1.3723680e-01   1.8000000e+01
  -1.7782714e+00   4.4172237e-02   8.3955234e-01   3.7084905e-02  -6.4906273e-02   3.7786715e-01  -2.4525948e-02  -7.8415383e-02  -7.4886648e-01   5.8722652e-02   6.3950719e+01   1.0000000e+00   1.0000000e+00   3.4153249e-01   2.3000000e+01
   8.0260488e-02   5.0676348e-02   3.5186166e+00   1.7831064e-01  -7.7963388e-02  -2.0103359e+00   1.5673260e-01  -1.0308434e-01  -1.5315585e+00   1.5787970e-01   5.3286790e+01   2.0000000e+00   1.0000000e+00   2.9318697e-01   1.8000000e+01
   8.0260488e-02  -1.0908860e-02  -1.1161141e+00   1.2175533e-02  -2.8170208e-02  -1.7707864e+00   4.9883421e-02  -2.5579369e-02   2.8771192e-01  -7.3594894e-03   6.7238877e+01   2.0000000e+00   2.0000000e+00   1.4920468e-01   2.0000000e+01
  -1.1587608e+00  -5.0044509e-02   1.7685277e+00  -8.8505101e-02   1.7212831e-02   3.5630289e-01   6.1329814e-03   1.2275057e-02  -8.7634685e-02  -1.0757207e-03   7.9293634e+01   2.0000000e+00   2.0000000e+00   2.5618999e-01   1.2000000e+01
   6.9977113e-01  -6.4549310e-02   3.5582787e+00  -2.2968444e-01   4.9140747e-02   1.4082516e+00   6.9202537e-02   2.3746411e-02  -6.0493708e-02  -1.4365085e-03   7.5980835e+01   1.0000000e+00   1.0000000e+00   1.6103539e-01   2.6000000e+01
  -1.1587608e+00   3.9424203e-02   7.8612762e-02   3.0992455e-03  -6.2854695e-02  -1.4535974e+00   9.1365419e-02  -4.4396903e-02  -4.1598576e-01   1.8468479e-02   5.7084189e+01   1.0000000e+00   1.0000000e+00   3.0339246e-01   2.0000000e+01
  -1.1587608e+00   7.6963569e-02  -1.4249897e+00  -1.0967229e-01  -6.3301399e-03   1.4089861e+00  -8.9190790e-03  -1.8395444e-02  -2.3447267e+00   4.3132290e-02   7.6574949e+01   2.0000000e+00   2.0000000e+00   1.4967898e-01   1.6000000e+01
  -3.0172927e+00   2.8097298e-03  -9.5015128e-01  -2.6696684e-03  -6.2414979e-02  -1.7564789e+00   1.0963060e-01  -6.5777995e-02  -8.6708222e-01   5.7034930e-02   5.0639288e+01   2.0000000e+00   2.0000000e+00   1.2869872e-01   1.8000000e+01
   8.0260488e-02   7.3884437e-02   3.4921332e+00   2.5801429e-01  -4.1863781e-02   1.0495266e+00  -4.3937151e-02   4.2689477e-02   2.1314672e+00   9.0991219e-02   8.4958248e+01   2.0000000e+00   2.0000000e+00   1.7826735e-01   1.3000000e+01
  -5.3925015e-01   4.4420594e-02   2.1127111e+00   9.3847881e-02  -4.8756395e-02   7.6135880e-02  -3.7121110e-03  -5.7464407e-02   4.5596250e-01  -2.6201615e-02   6.5916496e+01   1.0000000e+00   2.0000000e+00   2.2383050e-01   1.2000000e+01
  -5.3925015e-01   1.6552490e-02   1.6258431e-01   2.6911752e-03  -2.0327536e-02  -2.2271791e-01   4.5273062e-03  -6.9973519e-02  -1.6418034e+00   1.1488276e-01   6.2132786e+01   2.0000000e+00   2.0000000e+00   2.5668656e-01   1.6000000e+01
  -1.1587608e+00   5.7135818e-02   6.2258282e+00   3.5571779e-01  -1.1480607e-02   7.8426906e-01  -9.0038847e-03  -7.4759361e-02  -2.6988384e-01   2.0176344e-02   7.2062971e+01   2.0000000e+00   2.0000000e+00   4.1724740e-01   1.1000000e+01
  -1.1587608e+00   8.4754142e-02   3.6067994e+00   3.0569119e-01  -3.9938329e-02  -4.9982290e-01   1.9962091e-02   6.2593987e-02   2.6469983e-01   1.6568618e-02   6.1023956e+01   2.0000000e+00   2.0000000e+00   2.3638178e-01   1.9000000e+01
  -5.3925015e-01   4.9398560e-02  -1.1773592e+00  -5.8159850e-02  -4.6100995e-02  -9.5167330e-01   4.3873086e-02  -3.7792066e-02   1.5874540e+00  -5.9993166e-02   8.3318275e+01   1.0000000e+00   2.0000000e+00   2.2604228e-01   1.6000000e+01
  -5.3925015e-01   6.4818223e-02   7.0955997e-01   4.5992417e-02  -7.5988049e-02  -1.2053137e+00   9.1589433e-02  -6.6534817e-02  -1.5475321e+00   1.0296476e-01   5.7445585e+01   1.0000000e+00   2.0000000e+00   3.1931797e-01   1.4000000e+01
   8.0260488e-02   2.0209774e-02   9.5853943e-01   1.9371865e-02  -4.1462136e-02   9.4762887e-01  -3.9290717e-02   2.6179915e-02   4.1963052e-01   1.0985891e-02   8.4355921e+01   2.0000000e+00   2.0000000e+00   3.6307297e-01   1.3000000e+01
  -1.7782714e+00   8.4651157e-02  -3.7010390e+00  -3.1329723e-01  -3.2840777e-02   6.2631098e-01  -2.0568539e-02   9.4897544e-02  -4.3963187e-02  -4.1719985e-03   6.2376454e+01   1.0000000e+00   2.0000000e+00   1.8142510e-01   2.0000000e+01
  -1.7782714e+00  -8.0982872e-03   2.6266852e+00  -2.1271651e-02  -9.8420716e-03  -1.5204071e+00   1.4963955e-02  -4.7889018e-02  -1.2215324e-01   5.8497987e-03   6.2387406e+01   2.0000000e+00   2.0000000e+00   1.6483458e-01   1.3000000e+01
  -5.3925015e-01   4.2004966e-02  -5.7358105e+00  -2.4093252e-01  -3.5115614e-02  -1.3573908e+00   4.7665613e-02  -1.7397328e-02  -2.9895008e-01   5.2009326e-03   8.3425051e+01   1.0000000e+00   2.0000000e+00   1.1264114e-01   2.0000000e+01
   1.3192818e+00  -3.4021994e-02   2.2577064e+00  -7.6811676e-02  -8.8319246e-03   1.0576915e+00  -9.3414513e-03   1.2367706e-02  -1.0187818e+00  -1.2599993e-02   5.7952088e+01   1.0000000e+00   2.0000000e+00   2.7029065e-01   1.8000000e+01
   8.0260488e-02  -4.3574035e-02  -2.0453553e-02   8.9124385e-04  -1.2960424e-02  -7.1679952e-01   9.2900258e-03  -2.1363195e-02   2.1809524e-03  -4.6592113e-05   6.4928131e+01   2.0000000e+00   2.0000000e+00   9.3755546e-02   1.6000000e+01
  -5.3925015e-01  -1.2510305e-02   3.5149406e+00  -4.3972978e-02   7.5958920e-03   1.5833332e-01   1.2026828e-03  -5.0994882e-02  -8.0158841e-01   4.0876907e-02   6.1727584e+01   1.0000000e+00   2.0000000e+00   2.3134133e-01   1.2000000e+01
   8.0260488e-02   9.1353390e-03  -4.3747879e-01  -3.9965171e-03   1.1667635e-02  -7.2467498e-02  -8.4552434e-04  -1.6745585e-02   1.8996533e-02  -3.1810807e-04   6.7277207e+01   2.0000000e+00   2.0000000e+00   2.2842215e-01   1.6000000e+01
  -5.3925015e-01   1.0301557e-02   1.7421530e+00   1.7946889e-02  -9.8660162e-02  -2.1156062e+00   2.0872605e-01  -2.6971151e-02  -1.5384544e+00   4.1493886e-02   6.2340862e+01   1.0000000e+00   2.0000000e+00   1.4855502e-01   1.6000000e+01
  -1.1587608e+00  -5.0301151e-03  -6.3368158e-01   3.1874913e-03   1.7574185e-02   1.4034807e+00   2.4665029e-02  -1.3089503e-02  -4.0775030e-02   5.3372487e-04   8.5478439e+01   1.0000000e+00   2.0000000e+00   3.7138916e-01   1.5000000e+01
  -1.7782714e+00  -2.4447006e-02  -3.8302137e-01   9.3637260e-03  -3.6791956e-02  -1.0847317e+00   3.9909401e-02  -2.7990442e-02  -2.0526567e-01   5.7454769e-03   9.5520876e+01   2.0000000e+00   2.0000000e+00   1.8214360e-01   1.7000000e+01
   8.0260488e-02  -2.6644794e-02  -1.4712109e+00   3.9200112e-02   1.9262378e-02  -7.7979677e-01  -1.5020740e-02  -1.0411405e-02  -1.0795294e+00   1.1239418e-02   7.2654346e+01   1.0000000e+00   2.0000000e+00   1.1188926e-01   1.6000000e+01
  -1.1587608e+00  -3.6450155e-02  -4.7723318e+00   1.7395224e-01   3.1674916e-02  -1.0153848e+00  -3.2162230e-02  -7.1746728e-03  -1.2151537e+00   8.7183303e-03   7.0710472e+01   2.0000000e+00   2.0000000e+00   1.8462339e-01   1.8000000e+01
  -1.1587608e+00   3.7653202e-03  -3.7664749e+00  -1.4181984e-02  -3.6736364e-02  -2.8766991e-01   1.0567947e-02  -5.3744660e-03   7.2722891e-01  -3.9084670e-03   6.4424367e+01   1.0000000e+00   2.0000000e+00   1.6022861e-01   1.2000000e+01
  -3.0172927e+00   9.7367653e-02   1.7097292e+00   1.6647232e-01  -2.5235150e-02   6.7970384e-01  -1.7152429e-02  -9.9515539e-02  -7.5633644e-01   7.5267229e-02   6.0005476e+01   2.0000000e+00   2.0000000e+00   1.5960644e-01   1.2000000e+01
  -1.7782714e+00   6.4010244e-02  -2.6649632e-03  -1.7058494e-04  -5.4117585e-02  -1.2683009e+00   6.8637383e-02  -5.4924532e-02  -5.3242305e-01   2.9243087e-02   5.5720739e+01   1.0000000e+00   2.0000000e+00   1.4739702e-01   1.8000000e+01
  -1.1587608e+00   1.3053551e-01  -5.7750246e-01  -7.5384578e-02  -1.0547237e-01   1.7502052e-01  -1.8459830e-02  -5.8354690e-02  -1.5154180e-01   8.8431748e-03   5.7826146e+01   2.0000000e+00   2.0000000e+00   2.8322555e-01   1.8000000e+01
   6.9977113e-01   5.7659640e-02   2.1332666e+00   1.2300339e-01   5.0908293e-02   6.8968111e-01   3.5110488e-02  -5.6153288e-02  -1.4301838e+00   8.0309521e-02   7.6098563e+01   2.0000000e+00   2.0000000e+00   1.2280391e-01   2.0000000e+01
  -5.3925015e-01  -5.2744769e-02  -6.1477717e+00   3.2426280e-01   4.7780406e-02   1.0521121e-02   5.0270341e-04   1.6550322e-02   1.5405513e+00   2.5496620e-02   6.7386721e+01   1.0000000e+00   2.0000000e+00   2.6514504e-01   1.6000000e+01
  -1.7782714e+00   2.0030294e-02   1.4460292e+00   2.8964391e-02   2.9292370e-02  -4.7165633e-01  -1.3815932e-02   3.0220458e-02  -6.2433565e-01  -1.8867710e-02   6.5705681e+01   2.0000000e+00   2.0000000e+00   2.1692849e-01   1.2000000e+01
   6.9977113e-01   7.5526755e-02   2.0425858e+00   1.5426988e-01  -1.3073782e-02   1.3300607e+00  -1.7388923e-02  -8.1196742e-02   1.3043402e-01  -1.0590818e-02   7.3618070e+01   2.0000000e+00   2.0000000e+00   1.7794981e-01   1.8000000e+01
  -1.1587608e+00  -2.1543162e-02   3.0206051e+00  -6.5073384e-02   1.7058331e-02  -1.4116355e+00  -2.4080145e-02  -2.9822538e-02  -1.8314189e+00   5.4617560e-02   7.1310062e+01   2.0000000e+00   2.0000000e+00   1.1264651e-01   1.6000000e+01
  -1.1587608e+00  -2.9045405e-02  -2.9050109e+00   8.4377219e-02  -1.0138522e-01  -1.5816950e+00   1.6036050e-01  -5.0404883e-02  -4.7321299e-01   2.3852245e-02   5.8663929e+01   2.0000000e+00   2.0000000e+00   1.3232131e-01   1.6000000e+01
  -1.1587608e+00   6.9394179e-02   1.7977263e+00   1.2475174e-01   2.6763063e-02   8.9613839e-01   2.3983408e-02  -1.8176138e-02  -2.7136223e-01   4.9323173e-03   7.4028747e+01   1.0000000e+00   2.0000000e+00   3.1967258e-01   1.8000000e+01
  -5.3925015e-01  -2.6291314e-02  -2.3320057e+00   6.1311494e-02   4.0979669e-03  -1.6433497e-01  -6.7343927e-04  -7.9335181e-02  -8.6736449e-01   6.8812519e-02   7.1726215e+01   1.0000000e+00   2.0000000e+00   8.0078026e-02   1.6000000e+01
  -5.3925015e-01   1.2889265e-02  -5.6864146e-02  -7.3293703e-04  -2.6998951e-02  -5.2894382e-01   1.4280928e-02  -2.5693593e-02   7.1863106e-02  -1.8464214e-03   7.5972621e+01   2.0000000e+00   2.0000000e+00   1.3404843e-01   2.0000000e+01
  -3.0172927e+00   4.6358402e-02   7.0512069e-01   3.2688268e-02  -1.3957293e-02  -9.1578781e-01   1.2781919e-02  -3.2492258e-02  -1.3136266e+00   4.2682693e-02   6.2017796e+01   1.0000000e+00   2.0000000e+00   1.5336721e-01   1.6000000e+01
  -5.3925015e-01  -2.5478466e-02  -3.9530157e+00   1.0071678e-01  -4.4371136e-02  -3.4609354e-01   1.5356563e-02  -6.9823231e-02  -1.6859588e+00   1.1771909e-01   6.3112936e+01   2.0000000e+00   1.0000000e+00   4.2303873e-01   1.8000000e+01
  -5.3925015e-01   4.8131263e-02   3.1908928e+00   1.5358170e-01   3.3091138e-02   5.1299848e-01   1.6975703e-02  -2.5617347e-02   3.9038415e-01  -1.0000606e-02   5.9838467e+01   1.0000000e+00   1.0000000e+00   3.9991319e-01   1.6000000e+01
   6.9977113e-01  -3.8849065e-02   3.2406163e+00  -1.2589492e-01   7.8357630e-02   8.0794545e-01   6.3308691e-02   1.0164613e-02  -1.2406377e-02  -1.2610602e-04   7.1778234e+01   2.0000000e+00   1.0000000e+00   3.0747338e-01   1.6000000e+01
  -1.1587608e+00   3.2805077e-02   2.7443122e+00   9.0027375e-02   6.3744249e-02   7.1692378e-01   4.5699768e-02   1.3082179e-01   8.1574507e-01   1.0671723e-01   5.8280630e+01   2.0000000e+00   1.0000000e+00   3.2934500e-01   1.8000000e+01
   8.0260488e-02   9.7112318e-02   2.8983369e+00   2.8146422e-01   4.2437483e-02   4.7865003e-01   2.0312703e-02   1.4283608e-01   1.3104492e+00   1.8717943e-01   4.6086242e+01   2.0000000e+00   1.0000000e+00   3.5708402e-01   1.6000000e+01
  -1.7782714e+00   2.8349115e-03  -1.5112216e-01  -4.2841794e-04  -3.9928249e-02   5.5185971e-01  -2.2034792e-02   5.6012385e-02   4.0289635e-01   2.2567185e-02   4.7400411e+01   2.0000000e+00   1.0000000e+00   2.6993295e-01   1.2000000e+01
  -1.1587608e+00   1.0209282e-01   6.6440984e+00   6.7831472e-01   2.6691104e-02  -1.1257700e+00  -3.0048045e-02   2.0079761e-01   5.1380315e-02   1.0317044e-02   6.5905544e+01   2.0000000e+00   1.0000000e+00   5.2595941e-01   1.5000000e+01
   1.3192818e+00   5.5047753e-02  -5.1534308e-01  -2.8368478e-02   5.7010732e-02  -3.7107726e-01  -2.1155386e-02   3.8872170e-02   2.9343611e-01   1.1406498e-02   5.4067077e+01   1.0000000e+00   1.0000000e+00   1.8607349e-01   1.6000000e+01
  -5.3925015e-01   2.6194462e-02   2.3598538e+00   6.1815101e-02  -2.9663091e-04   6.3236742e-01  -1.8757972e-04  -6.0185238e-03  -4.2824719e-01   2.5774159e-03   7.6024641e+01   2.0000000e+00   1.0000000e+00   1.3879113e-01   1.8000000e+01
  -1.1587608e+00   9.3224006e-02   6.1521996e+00   5.7353270e-01   5.8072793e-02   3.5349749e-01   2.0528586e-02   1.0807233e-01   7.9509685e-01   8.5927967e-02   6.6997947e+01   2.0000000e+00   1.0000000e+00   1.5466218e-01   1.9000000e+01
  -1.7782714e+00   7.5067567e-03  -2.2569706e-01  -1.6942529e-03  -2.2134116e-02  -1.5869963e+00   3.5126761e-02   8.3950679e-02   4.4285638e-01   3.7178094e-02   7.1167693e+01   1.0000000e+00   1.0000000e+00   2.4627555e-01   1.6000000e+01
  -5.3925015e-01   1.5408000e-01   3.9820381e+00   6.1355242e-01   1.4727137e-01   2.2524321e-01   3.3171875e-02   4.1748796e-02   1.3894406e-01   5.8007474e-03   6.4621492e+01   1.0000000e+00   1.0000000e+00   2.4788608e-01   1.6000000e+01
  -5.3925015e-01   1.1223786e-01   2.0470241e+00   2.2975361e-01   2.8159070e-03   3.5953840e-02   1.0124267e-04   1.3818507e-01   1.3200934e+00   1.8241720e-01   6.1497604e+01   1.0000000e+00   1.0000000e+00   3.5138939e-01   2.0000000e+01
  -1.7782714e+00   1.1096747e-01   6.8591200e+00   7.6113922e-01  -6.2390686e-02  -6.6518415e-02   4.1501295e-03   1.5627936e-02   2.0038084e-01   3.1315389e-03   7.2689938e+01   2.0000000e+00   1.0000000e+00   4.3108784e-01   1.8000000e+01
  -1.1587608e+00   8.7391998e-02  -2.4547855e+00  -2.1452861e-01  -2.7528844e-02  -3.2258762e-02   8.8804643e-04   1.3924210e-01   9.6401877e-01   1.3423200e-01   5.4275154e+01   2.0000000e+00   1.0000000e+00   4.0362322e-01   1.4000000e+01
   8.0260488e-02   1.3939795e-01   3.8199389e+00   5.3249164e-01  -3.0081613e-02   1.7487843e-01  -5.2606251e-03   8.0267850e-03   1.1693009e-01   9.3857270e-04   6.7581109e+01   2.0000000e+00   1.0000000e+00   4.7324374e-01   1.4000000e+01
  -5.3925015e-01   8.2346773e-03   4.1393434e+00   3.4086157e-02  -3.1988805e-02  -9.6499237e-01   3.0868953e-02   5.1361589e-02   1.7306857e+00   8.8890770e-02   4.8251882e+01   2.0000000e+00   1.0000000e+00   2.5829068e-01   2.0000000e+01
  -1.1587608e+00   2.2180362e-02   3.3535764e+00   7.4383536e-02   1.7924623e-02   2.0657630e+00   3.7028023e-02   5.7733878e-02   1.0805579e+00   6.2384797e-02   4.7345654e+01   1.0000000e+00   2.0000000e+00   1.2016918e-01   1.6000000e+01
   8.0260488e-02  -2.9466640e-03   2.5879339e+00  -7.6257719e-03   2.7174448e-02  -1.0320988e+00  -2.8046715e-02   3.3108951e-02  -1.9197477e+00  -6.3560832e-02   7.4863792e+01   1.0000000e+00   1.0000000e+00   5.0338590e-01   1.5000000e+01
   8.0260488e-02   7.0830598e-02   4.6942222e+00   3.3249456e-01  -2.1930484e-02   7.2354742e-01  -1.5867745e-02  -2.8101181e-04   2.0842374e+00  -5.8569531e-04   6.8476386e+01   1.0000000e+00   2.0000000e+00   2.3262473e-01   2.0000000e+01
  -1.1587608e+00   1.2268639e-02  -1.5567502e+00  -1.9099207e-02   1.9316705e-02   1.6508362e+00   3.1888716e-02   1.3607152e-02   5.3429003e-01   7.2701658e-03   6.7972621e+01   2.0000000e+00   2.0000000e+00   1.7570159e-01   1.6000000e+01
   8.0260488e-02   8.1053578e-02  -8.3563638e-01  -6.7731318e-02   1.2189111e-01   1.1645808e+00   1.4195204e-01   6.7505669e-02   5.0088487e-02   3.3812569e-03   5.6191650e+01   1.0000000e+00   2.0000000e+00   2.2363157e-01   1.8000000e+01
  -1.1587608e+00   6.4263735e-02   1.2932285e+00   8.3107692e-02  -3.0981782e-02   1.8648593e-01  -5.7776664e-03   1.1201662e-01   3.3493862e-01   3.7518693e-02   3.4091718e+01   1.0000000e+00   2.0000000e+00   2.8372174e-01   1.8000000e+01
  -1.1587608e+00   1.3596514e-01   9.8525057e-01   1.3395974e-01  -1.2994079e-02   1.3803288e+00  -1.7936102e-02   4.2697234e-02   7.9915940e-01   3.4121896e-02   6.6891170e+01   1.0000000e+00   2.0000000e+00   1.5306902e-01   1.6000000e+01
  -5.3925015e-01   9.7248787e-02   1.4370323e+00   1.3974965e-01   6.4222486e-02   8.3731595e-01   5.3774512e-02   2.5002927e-02   1.3893582e-01   3.4738022e-03   3.6213552e+01   1.0000000e+00   2.0000000e+00   2.1366399e-01   1.6000000e+01
  -5.3925015e-01   9.0942935e-02   2.3685934e+00   2.1540683e-01   9.6808377e-02   9.7908458e-01   9.4783589e-02   1.0520438e-01   6.0226590e-01   6.3361009e-02   4.9779603e+01   2.0000000e+00   2.0000000e+00   1.5144179e-01   1.6000000e+01
  -1.1587608e+00   5.8387620e-02   4.0050436e+00   2.3384497e-01   3.8381953e-04   1.1409119e+00   4.3790425e-04   9.8607075e-02   9.1157805e-01   8.9888045e-02   6.9746749e+01   2.0000000e+00   2.0000000e+00   2.3077262e-01   1.8000000e+01
  -5.3925015e-01  -2.2580728e-02   5.9635922e+00  -1.3466225e-01  -3.4983790e-02   1.2055495e+00  -4.2174691e-02   3.2746225e-02   1.3418678e+00   4.3941105e-02   5.3768652e+01   1.0000000e+00   2.0000000e+00   1.4550652e-01   1.2000000e+01
  -1.1587608e+00   4.3235021e-03   5.6774172e-01   2.4546325e-03  -5.9076014e-04   1.1415994e+00  -6.7441139e-04  -1.3531141e-03   7.6836959e-01  -1.0396917e-03   6.4783025e+01   2.0000000e+00   2.0000000e+00   4.1799772e-01   1.4000000e+01
  -1.1587608e+00  -1.7154917e-02   1.7260165e+00  -2.9609669e-02  -1.4979131e-02  -5.8479582e-01   8.7597330e-03   1.2931656e-02   7.2130390e-01   9.3276543e-03   6.2220397e+01   1.0000000e+00   2.0000000e+00   1.1720370e-01   1.6000000e+01
  -1.7782714e+00  -1.5939601e-02  -2.5696609e+00   4.0959370e-02  -4.6711968e-02  -4.7934666e-01   2.2391226e-02   6.2226745e-02   1.4446312e+00   8.9894701e-02   6.9823409e+01   2.0000000e+00   2.0000000e+00   1.9666750e-01   1.4000000e+01
  -1.1587608e+00   4.5858444e-02   2.1434836e+00   9.8296823e-02  -5.6031465e-03   1.1790495e+00  -6.6063872e-03   4.1200644e-03  -1.0867501e-01  -4.4774806e-04   6.8626968e+01   1.0000000e+00   2.0000000e+00   4.2849235e-01   1.2000000e+01
   8.0260488e-02   5.2733461e-02   3.3755733e+00   1.7800566e-01   2.8503764e-02   2.6743784e-01   7.6229851e-03   4.6133102e-02   8.1548548e-01   3.7620875e-02   7.2678987e+01   2.0000000e+00   2.0000000e+00   1.3538186e-01   1.4000000e+01
   8.0260488e-02   1.1105052e-01   1.6486290e+00   1.8308112e-01   8.0352502e-02   7.2105054e-01   5.7938215e-02  -9.1803352e-04   6.5984019e-01  -6.0575541e-04   7.2038330e+01   1.0000000e+00   2.0000000e+00   3.4635952e-01   1.6000000e+01
   6.9977113e-01   9.6389129e-02   4.8126777e+00   4.6388981e-01   7.8710079e-02   2.8980657e+00   2.2810698e-01   9.5156752e-02   3.0359340e+00   2.8888961e-01   6.1097878e+01   2.0000000e+00   2.0000000e+00   2.8214479e-01   2.0000000e+01
  -1.1587608e+00   4.3569694e-02   1.4835657e+00   6.4638504e-02   1.1657035e-01   1.1263857e+00   1.3130318e-01  -2.7187985e-03  -3.1633144e-01   8.6004146e-04   6.3449692e+01   1.0000000e+00   2.0000000e+00   2.7261008e-01   1.2000000e+01
   8.0260488e-02   2.8366962e-03  -2.6079589e+00  -7.3979871e-03   5.0659421e-02   2.4659030e-01   1.2492122e-02  -1.9735677e-02  -4.5478755e-01   8.9755400e-03   6.5494867e+01   1.0000000e+00   2.0000000e+00   1.2808534e-01   1.6000000e+01
  -5.3925015e-01   1.9914478e-02  -1.3967863e+00  -2.7816269e-02   4.0678763e-02  -1.7670205e-01  -7.1880209e-03   4.6329374e-02   1.6059843e+00   7.4404248e-02   6.7468857e+01   1.0000000e+00   2.0000000e+00   1.0591964e-01   1.8000000e+01
  -1.1587608e+00   1.4191085e-02  -3.0515924e+00  -4.3305406e-02   6.5641348e-03  -2.9596552e-01  -1.9427576e-03  -4.4825390e-03   3.4034736e-01  -1.5256203e-03   7.5017112e+01   1.0000000e+00   2.0000000e+00   1.4415719e-01   1.8000000e+01
  -1.1587608e+00   5.4055151e-02   3.0312822e+00   1.6385642e-01  -4.5845267e-02  -4.4584223e-01   2.0439756e-02   2.3171918e-01   2.0909067e-01   4.8450319e-02   6.5579740e+01   1.0000000e+00   1.0000000e+00   5.0765194e-01   1.5000000e+01
  -1.7782714e+00   1.0843927e-01  -6.2046569e-01  -6.7282845e-02  -7.0492420e-02   6.4457556e-01  -4.5437691e-02   3.9714380e-02  -1.9432510e-01  -7.7175008e-03   4.5900068e+01   1.0000000e+00   1.0000000e+00   4.0941370e-01   1.5000000e+01
   8.0260488e-02  -1.8432845e-02   4.3801126e-01  -8.0737938e-03   4.7361214e-02   3.3473942e-02   1.5853665e-03  -3.4534480e-02   4.1123760e-01  -1.4201876e-02   6.2047912e+01   1.0000000e+00   2.0000000e+00   4.0587996e-01   1.6000000e+01
  -1.1587608e+00   2.3187847e-02  -1.7437399e+00  -4.0433575e-02   5.0420546e-02  -1.3916155e-01  -7.0166012e-03   3.8519025e-02  -8.2779051e-02  -3.1885683e-03   6.0459959e+01   1.0000000e+00   1.0000000e+00   2.9117733e-01   2.0000000e+01
   8.0260488e-02   9.8439257e-03  -2.1330139e+00  -2.0997230e-02  -7.3476295e-02  -9.5201807e-01   6.9950761e-02  -6.0202754e-02  -2.7196024e+00   1.6372755e-01   5.8757016e+01   2.0000000e+00   1.0000000e+00   4.4138340e-01   1.6000000e+01
  -1.1587608e+00   4.3796488e-02   4.6947238e+00   2.0561242e-01  -5.2271355e-02   1.0147183e+00  -5.3040703e-02  -3.4469232e-02  -7.0326535e-01   2.4241016e-02   7.3785079e+01   2.0000000e+00   1.0000000e+00   5.0383052e-01   1.8000000e+01
   8.0260488e-02   1.2897964e-02  -1.3276189e+00  -1.7123581e-02  -2.3637653e-02  -3.7275027e-01   8.8109415e-03   2.3687606e-02   1.1843582e+00   2.8054610e-02   7.3423682e+01   1.0000000e+00   1.0000000e+00   2.1663992e-01   2.0000000e+01
  -1.1587608e+00  -3.5409175e-03   9.3834367e-01  -3.3225975e-03  -3.8195804e-02   4.6652323e-01  -1.7819230e-02   6.3964621e-03   2.7983611e-01   1.7899611e-03   5.9786448e+01   2.0000000e+00   1.0000000e+00   2.8345810e-01   1.6000000e+01
  -1.7782714e+00   4.5240924e-03   6.0857223e+00   2.7532370e-02   1.1944887e-02  -5.1687291e-02  -6.1739885e-04   2.8990940e-03  -2.6924038e-01  -7.8055316e-04   7.5441478e+01   2.0000000e+00   1.0000000e+00   3.5053797e-01   1.3000000e+01
  -5.3925015e-01  -4.9867548e-02  -2.8240985e+00   1.4083087e-01   7.0548248e-03  -9.7191166e-02  -6.8566665e-04   6.8384904e-02   9.7762586e-01   6.6854851e-02   7.2539357e+01   1.0000000e+00   1.0000000e+00   3.1854497e-01   1.6000000e+01
  -3.0172927e+00  -5.0900568e-02   6.2978777e-01  -3.2056556e-02  -7.8888850e-02  -1.8203881e+00   1.4360832e-01   2.4635501e-02   2.5256245e+00   6.2220026e-02   6.1117043e+01   2.0000000e+00   1.0000000e+00   4.4949986e-01   1.6000000e+01
  -5.3925015e-01  -9.5510153e-03   2.0890018e+00  -1.9952088e-02  -2.2665142e-02   2.4997651e-02  -5.6657533e-04   7.2049609e-03  -2.7845453e-01  -2.0062540e-03   7.5770021e+01   1.0000000e+00   1.0000000e+00   3.4998351e-01   1.8000000e+01
  -5.3925015e-01  -3.0933449e-02   3.8968799e+00  -1.2054394e-01  -6.5808229e-02   9.2562628e-01  -6.0913826e-02   2.3333653e-02   1.4328318e-01   3.3433199e-03   5.5118412e+01   2.0000000e+00   1.0000000e+00   5.1253061e-01   2.0000000e+01
  -1.1587608e+00   2.0719842e-02   4.2499008e+00   8.8057275e-02  -9.8810844e-02  -3.6980510e-01   3.6540754e-02  -7.4126527e-02  -1.3358575e+00   9.9022481e-02   6.1549624e+01   1.0000000e+00   1.0000000e+00   5.3689190e-01   2.0000000e+01
  -1.1587608e+00  -6.8089169e-02  -1.3580731e+00   9.2470065e-02   1.0879245e-02  -1.2868554e+00  -1.4000015e-02   4.3897188e-02   3.0240350e-01   1.3274664e-02   7.1077344e+01   1.0000000e+00   1.0000000e+00   3.7490723e-01   1.2000000e+01
  -5.3925015e-01   1.3947669e-02  -2.2637901e+00  -3.1574595e-02  -3.4288618e-02  -4.1398618e-01   1.4195014e-02  -1.1473726e-02   1.2486730e+00  -1.4326931e-02   7.1041752e+01   2.0000000e+00   1.0000000e+00   3.3289557e-01   1.6000000e+01
  -5.3925015e-01  -1.0386852e-01   2.3985290e+00  -2.4913166e-01   2.0738621e-02  -6.3150450e-01  -1.3096533e-02   7.1545419e-02   2.5659194e-01   1.8357978e-02   5.4978782e+01   1.0000000e+00   1.0000000e+00   1.0815996e-01   1.6000000e+01
  -1.1587608e+00   1.2930260e-01   7.2531743e-01   9.3785432e-02  -9.0325309e-02  -4.8311666e-02   4.3637662e-03   1.2353843e-01   9.7480815e-01   1.2042627e-01   5.7505818e+01   1.0000000e+00   2.0000000e+00   2.8190647e-01   2.6000000e+01
  -5.3925015e-01  -1.8891713e-02   1.5045491e+00  -2.8423510e-02  -1.5786226e-02   2.6225334e+00  -4.1399904e-02   3.5684231e-02  -7.3244169e-01  -2.6136618e-02   6.9297741e+01   2.0000000e+00   2.0000000e+00   2.4518319e-01   1.6000000e+01
  -1.1587608e+00  -1.4737904e-02  -2.3515843e+00   3.4657424e-02  -4.6287868e-02  -9.3981623e-01   4.3502089e-02   3.8154616e-02  -3.2815417e-01  -1.2520596e-02   8.0123203e+01   1.0000000e+00   2.0000000e+00   1.6048283e-01   1.6000000e+01
   8.0260488e-02  -1.0839349e-01  -4.2502259e+00   4.6069684e-01   3.2931690e-02  -5.3274994e-01  -1.7544356e-02   6.9759224e-02  -1.0379658e+00  -7.2407692e-02   6.0139630e+01   1.0000000e+00   2.0000000e+00   1.8175196e-01   1.5000000e+01
  -1.1587608e+00   4.2594601e-02   2.3543003e+00   1.0028048e-01  -2.3793560e-02  -7.4251177e-02   1.7666999e-03   1.0600698e-01   2.4473759e+00   2.5943893e-01   6.4750171e+01   1.0000000e+00   2.0000000e+00   3.5093779e-01   1.6000000e+01
   8.0260488e-02  -1.0057675e-02  -5.3603524e+00   5.3912681e-02  -4.8060391e-02  -2.1920903e-01   1.0535272e-02   2.5845576e-02   8.2776340e-01   2.1394021e-02   4.2067077e+01   2.0000000e+00   2.0000000e+00   9.6875152e-02   1.6000000e+01
  -1.1587608e+00  -5.1993830e-03  -1.1783362e-02   6.1266213e-05  -1.0096114e-01  -1.0668862e+00   1.0771405e-01  -9.5771923e-02  -7.9731092e-01   7.6359999e-02   5.9685147e+01   2.0000000e+00   2.0000000e+00   1.3001230e-01   1.6000000e+01
   8.0260488e-02  -3.5641124e-02  -2.5189921e+00   8.9779709e-02  -4.1594570e-02  -1.2064165e+00   5.0180376e-02  -1.9803639e-03  -1.6894370e-01   3.3457001e-04   6.5817933e+01   2.0000000e+00   2.0000000e+00   1.0099238e-01   1.8000000e+01
  -5.3925015e-01   5.8421780e-02   5.0793923e+00   2.9674714e-01  -7.1011556e-02   3.4352994e-01  -2.4394596e-02  -3.4442123e-02   1.0091569e-01  -3.4757507e-03   8.0509240e+01   1.0000000e+00   1.0000000e+00   4.5995638e-01   1.6000000e+01
  -1.7782714e+00   6.1011181e-03   2.4060973e+00   1.4679884e-02  -8.0719020e-02  -1.5448083e+00   1.2469542e-01  -1.8593763e-02  -2.2894365e-01   4.2569240e-03   5.8225873e+01   2.0000000e+00   1.0000000e+00   3.2297278e-01   1.4000000e+01
  -5.3925015e-01  -2.1916301e-02   4.6479053e+00  -1.0186489e-01  -6.3020777e-02   5.8393525e-01  -3.6800053e-02   1.0926130e-02  -1.2500149e+00  -1.3657825e-02   6.0095825e+01   2.0000000e+00   1.0000000e+00   4.3772507e-01   1.7000000e+01
   8.0260488e-02  -3.9196712e-02   7.4858062e+00  -2.9341899e-01   6.6078156e-03  -8.3780371e-02  -5.5360524e-04   1.0183752e-01   1.9691175e+00   2.0053003e-01   8.1138946e+01   1.0000000e+00   1.0000000e+00   1.7728229e-01   2.0000000e+01
  -5.3925015e-01   2.7534122e-02   4.9154682e+00   1.3534310e-01  -5.3025523e-02  -1.9937284e-01   1.0571849e-02   8.8782677e-02   7.7096507e-01   6.8448342e-02   7.5685147e+01   2.0000000e+00   1.0000000e+00   2.0700138e-01   1.8000000e+01
  -1.7782714e+00   3.3094825e-02   1.9721578e+00   6.5268218e-02  -4.9974926e-02  -5.4709543e-01   2.7341053e-02   7.3536682e-02   1.4794325e+00   1.0879256e-01   6.1360712e+01   1.0000000e+00   1.0000000e+00   3.2585107e-01   2.1000000e+01
  -1.1587608e+00   2.2966845e-02   1.1883364e+00   2.7292337e-02  -2.7883304e-02  -1.4496797e+00   4.0421861e-02   4.7401669e-02   9.4149608e-01   4.4628486e-02   7.3226557e+01   2.0000000e+00   1.0000000e+00   2.2189493e-01   1.2000000e+01
  -5.3925015e-01   7.0045806e-03  -4.2138329e+00  -2.9516132e-02  -3.6998478e-02  -7.9857850e-01   2.9546189e-02   6.8190675e-02   8.3688022e-01   5.7067427e-02   6.5382615e+01   1.0000000e+00   1.0000000e+00   1.1254136e-01   2.8000000e+01
  -1.7782714e+00   3.0564167e-02   4.1711325e+00   1.2748719e-01  -2.0580104e-02   7.0064648e-01  -1.4419377e-02  -3.1461246e-03   8.9251284e-01  -2.8079566e-03   7.8702259e+01   2.0000000e+00   1.0000000e+00   3.9399309e-01   1.4000000e+01
  -5.3925015e-01   2.4743476e-02   7.0040699e-01   1.7330503e-02  -6.8906399e-02   5.0768149e-01  -3.4982503e-02  -4.3403490e-02  -7.9297955e-01   3.4418080e-02   6.9530459e+01   2.0000000e+00   1.0000000e+00   4.0005340e-01   1.8000000e+01
  -1.1587608e+00   5.3341716e-02   2.2954967e+00   1.2244573e-01   1.3908912e-02   1.4153018e+00   1.9685309e-02   6.1748949e-02  -5.9759402e-01  -3.6900803e-02   7.1660507e+01   2.0000000e+00   1.0000000e+00   3.5932190e-01   1.3000000e+01
  -5.3925015e-01  -6.2688436e-03   5.4670548e+00  -3.4272111e-02   1.0702072e-02   1.0500498e+00   1.1237709e-02   5.5950008e-02   1.9378836e-01   1.0842460e-02   7.0885695e+01   2.0000000e+00   1.0000000e+00   1.3981376e-01   1.6000000e+01
  -5.3925015e-01   8.3587868e-02  -2.2664339e-01  -1.8944638e-02   8.8773589e-02   8.1288454e-01   7.2162678e-02   4.2835709e-03  -8.8630314e-01  -3.7965423e-03   5.8124572e+01   1.0000000e+00   1.0000000e+00   1.3805829e-01   1.8000000e+01
  -5.3925015e-01  -1.3069459e-02   1.9370736e+00  -2.5316505e-02  -6.5473747e-02  -1.1975312e+00   7.8406856e-02  -3.2983851e-03  -4.3272142e-01   1.4272819e-03   6.5122519e+01   2.0000000e+00   1.0000000e+00   5.2636410e-01   1.4000000e+01
  -5.3925015e-01  -2.9000550e-02  -2.3858712e+00   6.9191577e-02  -8.6710689e-02  -7.7919995e-02   6.7564965e-03   3.5116836e-02   2.3243408e-01   8.1623494e-03   7.7727584e+01   2.0000000e+00   1.0000000e+00   2.8508390e-01   1.8000000e+01
  -1.1587608e+00  -9.2408437e-03   2.2360571e+00  -2.0663054e-02  -4.8689588e-02   5.2630904e-01  -2.5625770e-02   2.6832048e-02   3.8368356e-01   1.0295016e-02   7.1780972e+01   2.0000000e+00   1.0000000e+00   3.5254342e-01   1.5000000e+01
  -1.7782714e+00  -1.7360500e-02  -2.0178450e-01   3.5030798e-03  -2.2243614e-02  -6.9652871e-01   1.5493316e-02   5.6942758e-02  -3.9690114e-01  -2.2600646e-02   6.7832991e+01   1.0000000e+00   1.0000000e+00   3.5548178e-01   1.6000000e+01
  -1.7782714e+00   7.5322510e-02   6.9509396e+00   5.2356221e-01   1.4118120e-01   6.2088899e-01   8.7657855e-02   1.9200116e-01   1.7916774e+00   3.4400414e-01   7.1263518e+01   2.0000000e+00   2.0000000e+00   1.4314879e-01   1.5000000e+01
  -1.1587608e+00  -1.0077069e-02  -6.7507492e-01   6.8027763e-03  -2.5862373e-02  -8.9569149e-01   2.3164707e-02  -1.1123953e-02   1.4539354e-01  -1.6173509e-03   6.8183436e+01   1.0000000e+00   1.0000000e+00   1.2330451e-01   2.4000000e+01
  -1.1587608e+00  -5.0148008e-02  -1.5528407e+00   7.7871869e-02  -6.0505838e-02  -1.7408267e+00   1.0533018e-01   4.5498615e-03   3.0127351e-01   1.3707527e-03   6.2650240e+01   2.0000000e+00   1.0000000e+00   1.2113245e-01   1.2000000e+01
  -1.1587608e+00   1.1673426e-02  -8.9706813e-01  -1.0471858e-02  -6.4095533e-02   3.1652821e-01  -2.0288045e-02  -1.5538650e-02  -1.0092834e+00   1.5682901e-02   7.5110198e+01   2.0000000e+00   1.0000000e+00   6.7775073e-02   1.6000000e+01
  -1.7782714e+00   5.2320688e-02   3.0563977e+00   1.5991283e-01  -1.9137143e-02  -3.4058140e-01   6.5177551e-03   1.2053101e-02  -1.1769455e+00  -1.4185844e-02   7.1696099e+01   2.0000000e+00   1.0000000e+00   6.3247501e-02   1.4000000e+01
  -5.3925015e-01   3.2532514e-03  -2.5548510e+00  -8.3115727e-03  -9.2364362e-03  -1.6509277e+00   1.5248688e-02   2.3104713e-02  -6.9767487e-01  -1.6119578e-02   7.2640657e+01   2.0000000e+00   1.0000000e+00   2.2554090e-01   1.6000000e+01
  -1.7782714e+00   1.4224918e-03  -7.0063728e-01  -9.9665081e-04   7.6399836e-02  -6.8212049e-01  -5.2113894e-02   3.0862461e-02   1.2820011e+00   3.9565711e-02   6.6483231e+01   2.0000000e+00   2.0000000e+00   1.4778172e-01   1.6000000e+01
  -1.7782714e+00  -1.9875967e-02   4.9446966e-01  -9.8280628e-03   3.4003566e-04  -1.0013596e+00  -3.4049796e-04  -4.4342606e-03   6.7158337e-01  -2.9779757e-03   6.5330595e+01   2.0000000e+00   2.0000000e+00   4.7402718e-01   1.6000000e+01
  -5.3925015e-01  -2.1304313e-02  -2.0649154e+00   4.3991605e-02  -1.0736822e-02   7.2389374e-02  -7.7723186e-04  -2.5675566e-02   1.1027337e+00  -2.8313312e-02   8.0262834e+01   1.0000000e+00   2.0000000e+00   3.1874694e-01   1.8000000e+01
  -5.3925015e-01   5.4841773e-03  -3.8794696e+00  -2.1275699e-02  -8.6085485e-02  -1.9860475e+00   1.7096986e-01  -2.9436673e-02   2.4777476e-01  -7.2936645e-03   6.8210815e+01   2.0000000e+00   2.0000000e+00   1.5078652e-01   1.6000000e+01
  -1.1587608e+00  -4.3620650e-02  -1.1399323e+00   4.9724586e-02   4.0944554e-02  -1.3754726e-01  -5.6318114e-03  -3.1709236e-02   7.5404643e-02  -2.3910236e-03   7.1203285e+01   2.0000000e+00   2.0000000e+00   2.7909170e-01   1.3000000e+01
   8.0260488e-02  -5.1061490e-02   2.4998161e+00  -1.2764433e-01  -2.1124200e-02  -4.3490108e-01   9.1869376e-03   7.5570639e-03   8.4896215e-02   6.4156612e-04   7.8193018e+01   2.0000000e+00   2.0000000e+00   3.5695234e-01   2.0000000e+01
   1.9387924e+00   3.6375562e-02   3.3903213e-01   1.2332484e-02   1.2993984e-02   1.2146445e+00   1.5783070e-02   6.7052515e-02   7.8538481e-01   5.2662027e-02   8.0312115e+01   2.0000000e+00   2.0000000e+00   4.6346800e-01   1.8000000e+01
  -1.1587608e+00  -2.7406406e-02  -3.7875946e+00   1.0380435e-01  -2.9777312e-02  -5.3321948e-01   1.5877843e-02   1.3914858e-02  -3.7528865e-01  -5.2220881e-03   6.6157426e+01   1.0000000e+00   2.0000000e+00   5.3305378e-01   1.9000000e+01
  -1.1587608e+00   1.8659417e-02   1.4333116e+00   2.6744758e-02  -4.8426805e-02   7.0772730e-01  -3.4272972e-02  -3.9636778e-02   4.0896132e-02  -1.6209909e-03   7.4305270e+01   2.0000000e+00   1.0000000e+00   4.9368007e-01   2.0000000e+01
   8.0260488e-02  -3.9131156e-02   1.4796998e+00  -5.7902364e-02   1.0770304e-02   4.4082973e-01   4.7478701e-03   1.3944144e-02   5.3607563e-01   7.4751158e-03   7.7481177e+01   1.0000000e+00   1.0000000e+00   3.6784445e-01   1.8000000e+01
   8.0260488e-02   1.0568411e-02   6.5882889e-01   6.9627745e-03   1.3365118e-01   1.7020946e+00   2.2748696e-01  -3.6109296e-02  -1.1390893e+00   4.1131712e-02   6.7969884e+01   2.0000000e+00   1.0000000e+00   3.2949881e-01   1.8000000e+01
  -5.3925015e-01   2.4672920e-02   5.8411603e+00   1.4411848e-01   1.5243842e-01   1.2700005e+00   1.9359687e-01  -4.0999016e-02  -7.3487099e-01   3.0128987e-02   6.4840520e+01   1.0000000e+00   1.0000000e+00   2.9423586e-01   2.0000000e+01
   6.9977113e-01   6.1866277e-02   5.0630640e+00   3.1323292e-01  -1.7293380e-02  -1.2670353e-01   2.1911323e-03  -3.6112962e-02  -3.9548941e-01   1.4282294e-02   5.1389459e+01   2.0000000e+00   1.0000000e+00   2.1000487e-01   2.0000000e+01
   8.0260488e-02   7.7290382e-02   6.3151978e+00   4.8810405e-01   8.8142168e-02   9.0663572e-01   7.9912838e-02  -7.6439180e-02   4.8770409e-01  -3.7279701e-02   6.4377823e+01   2.0000000e+00   1.0000000e+00   1.2510038e-01   1.4000000e+01
   8.0260488e-02  -3.4849723e-02  -2.5864854e-03   9.0138297e-05   1.0524098e-01   7.3632455e-01   7.7491515e-02  -3.9001992e-02  -7.2326416e-01   2.8208743e-02   6.7167693e+01   2.0000000e+00   1.0000000e+00   3.4054519e-01   1.8000000e+01
   8.0260488e-02   6.8070103e-03   8.8748507e-01   6.0411200e-03   1.0582497e-01   3.3684215e-02   3.5646310e-03  -1.1609605e-01  -4.1397414e-01   4.8060763e-02   6.1541410e+01   1.0000000e+00   1.0000000e+00   2.4204337e-01   1.8000000e+01
   8.0260488e-02   1.0608493e-01   8.6191938e+00   9.1436655e-01   1.1608894e-01   4.6900346e-01   5.4446115e-02  -4.9653430e-02  -4.0618480e-03   2.0168469e-04   6.2658453e+01   2.0000000e+00   1.0000000e+00   1.0068947e-01   1.4000000e+01
  -5.3925015e-01   1.4435958e-01   3.2637618e+00   4.7115528e-01  -3.1165048e-02  -7.4495628e-01   2.3216598e-02   6.8261256e-02   1.5333341e+00   1.0466731e-01   5.7790554e+01   1.0000000e+00   1.0000000e+00   1.4460106e-01   1.2000000e+01
   8.0260488e-02  -9.6063835e-04   2.8819228e+00  -2.7684855e-03   1.0715473e-01   2.7044433e+00   2.8979389e-01  -1.1736445e-01  -1.0154063e-01   1.1917261e-02   6.8418891e+01   1.0000000e+00   1.0000000e+00   2.0844889e-01   1.6000000e+01
  -5.3925015e-01   2.4353503e-02  -1.5110740e+00  -3.6799946e-02   7.2054482e-02   1.2324260e+00   8.8801817e-02  -6.8473730e-02   5.5001139e-01  -3.7661331e-02   6.1661875e+01   2.0000000e+00   1.0000000e+00   2.5523421e-01   1.8000000e+01
   6.9977113e-01  -3.6747372e-02   3.9120144e-01  -1.4375625e-02   7.7298589e-02  -4.7632082e-01  -3.6818927e-02  -2.2671175e-02  -1.0571573e+00   2.3966999e-02   7.2960986e+01   2.0000000e+00   1.0000000e+00   2.1339220e-01   1.6000000e+01
  -1.1587608e+00  -2.7806673e-02   5.0437958e-02  -1.4025118e-03   1.2732111e-01  -3.6888438e-01  -4.6966767e-02  -1.2408731e-01   1.1327150e+00  -1.4055556e-01   6.6737851e+01   1.0000000e+00   1.0000000e+00   2.9537715e-01   1.7000000e+01
   6.9977113e-01  -2.9666968e-02  -1.8905811e+00   5.6087808e-02   1.2055397e-01   1.4605356e+00   1.7607336e-01  -5.9340002e-02   3.4888721e-01  -2.0702968e-02   5.0642026e+01   1.0000000e+00   1.0000000e+00   4.2870043e-01   2.1000000e+01
   6.9977113e-01   5.2058126e-02   5.6852106e+00   2.9596141e-01   1.6337936e-01   1.0830603e+00   1.7694970e-01  -5.4695166e-02  -3.3994843e-01   1.8593536e-02   5.4305270e+01   1.0000000e+00   1.0000000e+00   4.5960475e-01   1.6000000e+01
   6.9977113e-01   4.8427993e-02   3.5149317e+00   1.7022109e-01   9.3554941e-02   1.5064221e+00   1.4093323e-01  -7.6983301e-02  -8.4230770e-01   6.4843627e-02   6.6929500e+01   2.0000000e+00   1.0000000e+00   1.6368102e-01   1.6000000e+01
  -1.1587608e+00   2.3654033e-02   1.7626033e+00   4.1692676e-02   6.3466410e-02  -9.5743085e-02  -6.0764699e-03  -4.9231293e-02   1.3523903e-02  -6.6579925e-04   7.6544832e+01   2.0000000e+00   1.0000000e+00   4.5413738e-01   1.6000000e+01
   8.0260488e-02   3.8512524e-02   7.1476400e+00   2.7527366e-01   4.4211628e-02   9.9539535e-01   4.4008048e-02   1.3688928e-02  -1.7205542e+00  -2.3552542e-02   6.8240931e+01   2.0000000e+00   1.0000000e+00   1.8607005e-01   1.8000000e+01
   1.3192818e+00  -3.4768274e-02   1.5216904e+00  -5.2906548e-02   1.3716855e-01   1.0215777e+00   1.4012833e-01  -5.2852854e-02  -1.2530857e+00   6.6229157e-02   6.7770021e+01   1.0000000e+00   1.0000000e+00   2.0941308e-01   2.0000000e+01
   8.0260488e-02   4.4967789e-02  -5.1585183e+00  -2.3196716e-01   1.6238206e-01  -3.2850630e-02  -5.3343529e-03  -7.7806625e-02  -8.8061879e-01   6.8517976e-02   5.6147844e+01   1.0000000e+00   1.0000000e+00   2.2933973e-01   2.0000000e+01
  -5.3925015e-01   1.5682695e-02   1.6789972e+00   2.6331202e-02   8.2716844e-02   6.8138003e-01   5.6361605e-02  -1.0402843e-01  -6.4659934e-01   6.7264712e-02   6.5900068e+01   2.0000000e+00   1.0000000e+00   2.4836525e-01   1.6000000e+01
   6.9977113e-01  -2.0726089e-02   3.2294070e+00  -6.6932976e-02   1.1207604e-01   1.0807152e-01   1.2112228e-02  -6.0743504e-02   2.0738193e-01  -1.2597105e-02   7.2643395e+01   1.0000000e+00   1.0000000e+00   1.3055582e-01   2.1000000e+01
   6.9977113e-01   4.9343861e-02  -1.0680733e+00  -5.2702859e-02   5.3152478e-02   7.4595986e-01   3.9649615e-02  -4.7700854e-02  -4.6011542e-01   2.1947899e-02   5.9071869e+01   2.0000000e+00   1.0000000e+00   1.5324049e-01   1.8000000e+01
  -1.1587608e+00   3.6786805e-02  -1.4654028e+00  -5.3907486e-02   9.4227839e-02  -1.0175274e+00  -9.5879405e-02  -1.1563779e-01   1.7906069e-01  -2.0706182e-02   6.1305955e+01   2.0000000e+00   1.0000000e+00   5.4772573e-01   1.8000000e+01
  -5.3925015e-01  -2.7142759e-02  -1.8329376e+00   4.9750984e-02   2.4219621e-02  -2.8358633e-01  -6.8683535e-03   2.4324564e-03  -1.1759546e+00  -2.8604582e-03   7.4275154e+01   2.0000000e+00   1.0000000e+00   1.2366751e-01   2.0000000e+01
  -1.7782714e+00  -1.1973861e-02  -6.6975514e-01   8.0195546e-03   8.3928683e-02   1.4008018e+00   1.1756745e-01  -9.3108157e-02  -1.1568358e-01   1.0771085e-02   7.8280630e+01   2.0000000e+00   1.0000000e+00   2.3908893e-01   1.9000000e+01
   8.0260488e-02  -2.2277434e-02   2.2159977e+00  -4.9366742e-02   6.6492392e-02   2.9957466e+00   1.9919436e-01  -7.6727211e-02  -1.5409540e+00   1.1823310e-01   6.6332649e+01   2.0000000e+00   2.0000000e+00   3.0439439e-01   1.6000000e+01
   6.9977113e-01   6.1315326e-02  -3.9789989e+00  -2.4397362e-01   6.0111843e-02  -1.0152746e-02  -6.1030027e-04  -4.3269913e-02  -4.5772292e-01   1.9805631e-02   6.5938398e+01   1.0000000e+00   2.0000000e+00   3.8218658e-01   1.7000000e+01
   1.3192818e+00   2.5189265e-02  -9.8264297e-01  -2.4752054e-02   1.5799731e-01   1.4773832e+00   2.3342258e-01   4.1541196e-02   7.9586462e-01   3.3061168e-02   7.3316906e+01   1.0000000e+00   2.0000000e+00   3.6978234e-01   1.4000000e+01
  -1.1587608e+00   1.0656471e-01   3.6204638e+00   3.8581369e-01   1.7798564e-01   2.3530263e+00   4.1880489e-01  -7.7339542e-02  -9.6003431e-01   7.4248614e-02   5.4075291e+01   1.0000000e+00   2.0000000e+00   1.1810434e-01   1.6000000e+01
   8.0260488e-02   1.0026511e-01   1.8493249e+00   1.8542276e-01   7.7194988e-02   3.5045491e-01   2.7053362e-02   5.0778204e-02   3.9780816e-01   2.0199984e-02   7.6588638e+01   2.0000000e+00   2.0000000e+00   5.4739583e-01   1.6000000e+01
   8.0260488e-02   2.5639570e-02   7.7234870e-01   1.9802688e-02   9.3040091e-02   1.0651139e+00   9.9098296e-02  -8.2420857e-02  -7.9410433e-01   6.5450760e-02   6.2907598e+01   2.0000000e+00   2.0000000e+00   3.1350541e-01   1.3000000e+01
   1.9387924e+00  -4.8088860e-02  -4.8233355e+00   2.3194870e-01   1.3874584e-01  -3.2587635e-01  -4.5213986e-02  -4.9556820e-02   3.2534565e-01  -1.6123096e-02   6.4301164e+01   1.0000000e+00   2.0000000e+00   1.0667006e-01   1.6000000e+01
   8.0260488e-02   5.7943710e-02   2.1918950e+00   1.2700653e-01   6.8463038e-02   1.2195863e+00   8.3496580e-02  -4.0561818e-02   6.5263174e-01  -2.6471930e-02   6.1664613e+01   1.0000000e+00   1.0000000e+00   2.0848114e-01   1.6000000e+01
   1.3192818e+00   3.0460960e-02   7.1909968e-02   2.1904466e-03   6.0601000e-02   6.2207012e-01   3.7698071e-02  -3.6382478e-02  -4.1497840e-01   1.5097943e-02   6.5010267e+01   1.0000000e+00   1.0000000e+00   1.8528301e-01   1.2000000e+01
  -5.3925015e-01  -6.2680275e-02  -5.5270833e+00   3.4643911e-01   4.3037950e-05   5.7739206e-01   2.4849770e-05   7.6171121e-03  -1.1584717e-01  -8.8242084e-04   6.6680356e+01   1.0000000e+00   2.0000000e+00   2.7057787e-01   1.6000000e+01
   8.0260488e-02  -9.0414512e-02  -3.0189676e+00   2.7295848e-01  -3.9805295e-02  -9.0209228e-01   3.5908049e-02   2.6788338e-02   6.1905173e-01   1.6583367e-02   8.3967146e+01   2.0000000e+00   2.0000000e+00   5.1093960e-01   1.5000000e+01
   6.9977113e-01  -1.2167106e-01  -6.5353729e+00   7.9516573e-01  -2.0435506e-02   7.1415911e-01  -1.4594203e-02   2.9925167e-02   6.7398791e-01   2.0169201e-02   6.8780287e+01   1.0000000e+00   2.0000000e+00   1.0482316e-01   1.6000000e+01
   6.9977113e-01  -3.7554634e-02  -2.2802003e+00   8.5632088e-02  -2.9411199e-03  -8.4889583e-01   2.4967044e-03   1.0882651e-02   3.7125143e-01   4.0401998e-03   7.2380561e+01   1.0000000e+00   2.0000000e+00   4.1971218e-01   1.8000000e+01
   8.0260488e-02  -4.9977300e-02  -8.8465497e-01   4.4212667e-02  -1.5853425e-02  -1.3794163e-01   2.1868473e-03   3.9878010e-02  -1.7345780e-01  -6.9171519e-03   7.3319644e+01   2.0000000e+00   1.0000000e+00   3.3309317e-01   1.9000000e+01
   1.9387924e+00  -9.9461927e-02  -1.6702479e+00   1.6612607e-01   1.3775817e-02  -1.0570367e+00  -1.4561544e-02   1.6526679e-02   9.3059152e-01   1.5379587e-02   8.3345654e+01   1.0000000e+00   2.0000000e+00   1.7682119e-01   1.9000000e+01
   1.3192818e+00  -2.3432611e-02  -2.9243560e+00   6.8525294e-02  -1.7557275e-02   3.9281127e-01  -6.8966957e-03  -7.9541032e-03   2.2801892e-01  -1.8136860e-03   4.8219028e+01   2.0000000e+00   1.0000000e+00   2.7126516e-01   1.8000000e+01
  -5.3925015e-01  -3.3146253e-02  -1.7447616e+00   5.7832308e-02   1.2839890e-02  -1.3222299e+00  -1.6977286e-02   2.4693333e-02  -2.5262706e-02  -6.2382042e-04   7.2457221e+01   2.0000000e+00   2.0000000e+00   2.1730389e-01   1.4000000e+01
   8.0260488e-02  -2.2884137e-02  -3.0941004e+00   7.0805817e-02  -6.9828278e-02   2.8209700e-01  -1.9698348e-02   5.3557630e-02   1.1827179e+00   6.3343567e-02   8.1256674e+01   2.0000000e+00   2.0000000e+00   2.5080733e-01   1.6000000e+01
   6.9977113e-01  -7.0779207e-02   3.6961790e+00  -2.6161262e-01   2.0834535e-02   4.2845098e-01   8.9265768e-03   6.9105786e-03  -2.7814278e-01  -1.9221275e-03   6.2639288e+01   2.0000000e+00   1.0000000e+00   1.4632165e-01   2.0000000e+01
   1.3192818e+00  -6.5215627e-02  -5.6700440e+00   3.6977547e-01   5.3693721e-02   9.1327341e-01   4.9037048e-02   9.4104899e-03   5.9684784e-01   5.6166306e-03   7.5099247e+01   1.0000000e+00   2.0000000e+00   1.9665031e-01   2.0000000e+01
   8.0260488e-02  -5.2517989e-02  -4.6549760e+00   2.4446998e-01  -4.1842487e-02   2.2439677e-01  -9.3893188e-03   1.4649046e-03   2.0100202e+00   2.9444879e-03   6.3704312e+01   1.0000000e+00   2.0000000e+00   2.7453804e-01   1.6000000e+01
   6.9977113e-01  -4.6691908e-02   3.0788920e-02  -1.4375934e-03   1.0480841e-02  -1.7466255e-01  -1.8306103e-03   1.3359759e-02  -5.8955378e-01  -7.8762962e-03   6.5648186e+01   2.0000000e+00   2.0000000e+00   2.8233747e-01   2.0000000e+01
  -5.3925015e-01  -9.7179288e-03  -1.6141154e+00   1.5685859e-02   3.5258057e-02   1.1542179e+00   4.0695479e-02   2.5291693e-03  -7.3978271e-01  -1.8710357e-03   5.9693361e+01   1.0000000e+00   1.0000000e+00   2.5241703e-01   1.8000000e+01
   1.9387924e+00  -3.2228970e-02  -4.4973158e+00   1.4494386e-01   1.1511975e-02   3.4450462e-01   3.9659285e-03   9.1240987e-03  -6.3407504e-01  -5.7853632e-03   5.3642710e+01   2.0000000e+00   1.0000000e+00   4.3566983e-01   1.8000000e+01
  -5.3925015e-01  -4.4126087e-02  -5.5861138e+00   2.4649334e-01  -3.9370440e-02   1.0510194e+00  -4.1379098e-02   1.2173757e-03  -8.5165750e-03  -1.0367872e-05   5.8513347e+01   1.0000000e+00   2.0000000e+00   1.8831085e-01   1.9000000e+01
   1.3192818e+00  -3.9126715e-02   7.6999476e+00  -3.0127366e-01   1.1272991e-02   1.5537558e+00   1.7515475e-02  -2.8420502e-03  -2.5303346e-01   7.1913379e-04   6.7400411e+01   1.0000000e+00   1.0000000e+00   1.9445468e-01   1.3000000e+01
   8.0260488e-02  -6.3965535e-02  -2.8422278e+00   1.8180463e-01  -3.1364354e-03   2.6973627e-01  -8.4601040e-04   1.7887464e-02  -8.5152996e-01  -1.5231712e-02   5.4806297e+01   1.0000000e+00   1.0000000e+00   2.4082359e-01   1.9000000e+01
   1.3192818e+00  -2.3904259e-02  -3.5042918e+00   8.3767498e-02  -3.3137898e-02  -3.8202137e-02   1.2659385e-03   2.3052929e-02   1.3453528e+00   3.1014324e-02   6.0391513e+01   1.0000000e+00   2.0000000e+00   1.5218472e-01   2.0000000e+01
   6.9977113e-01  -8.6294700e-02  -2.9884640e+00   2.5788861e-01  -3.0882690e-02   8.0792193e-01  -2.4950802e-02   4.1709886e-02  -7.1432735e-01  -2.9794512e-02   7.2657084e+01   1.0000000e+00   1.0000000e+00   1.6382011e-01   2.0000000e+01
  -5.3925015e-01  -1.1247720e-02  -3.5185112e-02   3.9575227e-04   9.7570401e-03   3.8142832e-01   3.7216115e-03   1.5913705e-02   3.5824415e-01   5.7009918e-03   8.0249144e+01   2.0000000e+00   2.0000000e+00   5.2043577e-01   1.4000000e+01
   8.0260488e-02  -7.9668304e-02  -5.3856704e+00   4.2906722e-01   1.5110722e-02  -1.3435975e-01  -2.0302728e-03  -3.0492020e-02   2.8440147e-01  -8.6719753e-03   7.9545517e+01   1.0000000e+00   2.0000000e+00   1.9660274e-01   2.0000000e+01
   8.0260488e-02  -8.2008959e-02  -3.3474381e+00   2.7451991e-01  -1.1502721e-02   6.5456279e-01  -7.5292535e-03   2.4106749e-03  -4.2777837e-01  -1.0312346e-03   7.0937714e+01   2.0000000e+00   1.0000000e+00   2.1967832e-01   2.0000000e+01
   8.0260488e-02  -6.1359583e-02  -4.0411835e+00   2.4796533e-01  -9.2356317e-04  -3.6928560e-01   3.4105858e-04  -1.9203029e-03  -1.1050125e+00   2.1219586e-03   7.1553730e+01   2.0000000e+00   1.0000000e+00   1.4734252e-01   1.6000000e+01
   1.3192818e+00  -8.3167449e-02  -3.6710304e+00   3.0531023e-01  -3.1031332e-02  -2.7341696e-01   8.4844924e-03  -4.0035176e-02  -5.0551368e-01   2.0238329e-02   6.4769336e+01   2.0000000e+00   2.0000000e+00   2.7824193e-01   1.8000000e+01
   6.9977113e-01  -2.3233937e-03  -2.4194608e+00   5.6213601e-03  -3.0974506e-03  -4.5338902e-01   1.4043501e-03  -5.5955485e-04  -1.0855045e-01   6.0739930e-05   4.5511294e+01   2.0000000e+00   1.0000000e+00   1.6112506e-01   1.6000000e+01
  -1.1587608e+00   2.0033955e-04   1.9580299e+00   3.9227083e-04  -2.6401869e-02  -4.4630481e-01   1.1783281e-02  -1.4489769e-02   4.1245114e-01  -5.9763218e-03   6.7208761e+01   2.0000000e+00   2.0000000e+00   3.5996498e-01   1.8000000e+01
  -5.3925015e-01  -6.1840972e-02  -6.4403725e+00   3.9827889e-01  -1.5744639e-02  -1.7293970e+00   2.7228733e-02   4.3451575e-02   4.1837903e-01   1.8179228e-02   7.3316906e+01   1.0000000e+00   2.0000000e+00   2.2927056e-01   2.0000000e+01
  -5.3925015e-01   9.0789392e-03  -2.4122982e+00  -2.1901109e-02  -5.8694219e-05   3.4665069e-01  -2.0346391e-05   1.5832293e-02   1.3630127e+00   2.1579617e-02   6.1210130e+01   2.0000000e+00   1.0000000e+00   8.4337167e-02   1.2000000e+01
  -5.3925015e-01  -8.7182168e-02  -5.1731702e+00   4.5100819e-01   5.7084439e-02  -4.0080463e-01  -2.2879708e-02   2.1608925e-02   1.3110777e+00   2.8330980e-02   5.5671458e+01   1.0000000e+00   2.0000000e+00   2.0474504e-01   1.6000000e+01
   8.0260488e-02  -2.1001366e-02  -3.7551055e+00   7.8862343e-02   3.3069491e-03  -5.3807194e-01  -1.7793765e-03   1.0863081e-02  -6.1637635e-01  -6.6957464e-03   5.7418207e+01   2.0000000e+00   1.0000000e+00   5.4227894e-01   1.8000000e+01
  -5.3925015e-01  -9.7751093e-02  -6.3726815e+00   6.2293658e-01   2.4396617e-02  -1.0538930e+00  -2.5711424e-02   8.4082540e-03   1.4840069e+00   1.2477907e-02   6.8793977e+01   1.0000000e+00   2.0000000e+00   2.6032759e-01   1.8000000e+01
   8.0260488e-02  -4.6868066e-02  -5.7943313e+00   2.7156910e-01  -3.8313673e-02  -6.0431763e-01   2.3153628e-02  -1.5917030e-02   9.1376568e-01  -1.4544436e-02   6.0941821e+01   2.0000000e+00   1.0000000e+00   4.0537458e-01   1.8000000e+01
   1.9387924e+00   4.9384219e-03  -2.6092942e+00  -1.2885796e-02  -5.5868233e-02  -1.6017447e+00   8.9486645e-02   1.4734626e-02   4.7318427e-01   6.9721930e-03   7.9299110e+01   2.0000000e+00   2.0000000e+00   2.2304342e-01   1.8000000e+01
   8.0260488e-02  -4.4337167e-02  -2.6946410e+00   1.1947275e-01  -2.9407053e-03  -5.6563069e-01   1.6633532e-03   1.1198541e-02   1.3906559e-01   1.5573317e-03   4.8657084e+01   2.0000000e+00   2.0000000e+00   1.3973922e-01   1.6000000e+01
   1.3192818e+00  -5.8270951e-02   1.8284386e+00  -1.0654486e-01  -3.1271618e-02   4.1333146e-01  -1.2925544e-02  -3.0044934e-04   6.0055765e-01  -1.8043715e-04   7.2711841e+01   1.0000000e+00   1.0000000e+00   3.7795451e-01   1.8000000e+01
  -5.3925015e-01  -6.0000529e-02  -6.9004388e+00   4.1402998e-01   1.8710146e-02   6.5572466e-02   1.2268704e-03   1.9017956e-02  -2.7013469e-02  -5.1374096e-04   6.0147844e+01   1.0000000e+00   1.0000000e+00   2.0867772e-01   1.8000000e+01
   8.0260488e-02  -6.2537644e-02  -5.6354060e-01   3.5242501e-02  -6.0305923e-03   5.9565866e-01  -3.5921745e-03  -3.6546486e-03   3.5079817e-02  -1.2820440e-04   7.6539357e+01   2.0000000e+00   2.0000000e+00   1.2264991e-01   1.6000000e+01
  -1.1587608e+00  -4.6855331e-02  -1.8643519e+00   8.7354826e-02  -3.3919114e-03  -2.0726582e+00   7.0302729e-03  -1.1359216e-02   4.9082041e-01  -5.5753349e-03   6.8887064e+01   1.0000000e+00   2.0000000e+00   1.4826006e-01   1.8000000e+01
   6.9977113e-01  -8.0205704e-02  -9.2278929e+00   7.4012964e-01  -2.8450448e-02   6.2945849e-01  -1.7908376e-02   4.6471319e-02  -3.3743958e-01  -1.5681262e-02   6.8928131e+01   1.0000000e+00   2.0000000e+00   2.0775826e-01   1.8000000e+01
   6.9977113e-01   1.4950996e-06  -4.8265900e+00  -7.2162330e-06  -4.0489583e-03   1.6398760e+00  -6.6397893e-03  -1.3309828e-03   5.5440885e-02  -7.3790863e-05   6.7195072e+01   2.0000000e+00   1.0000000e+00   3.7185875e-01   1.9000000e+01
   1.9387924e+00  -6.0338197e-02  -4.7569585e+00   2.8702630e-01  -5.4963575e-03   7.3092744e-01  -4.0174385e-03  -1.7394150e-02  -2.3869468e-01   4.1518911e-03   6.6830938e+01   2.0000000e+00   2.0000000e+00   4.4753792e-01   2.0000000e+01
   1.3192818e+00  -5.1150667e-02   3.2320441e-01  -1.6532121e-02  -4.3229059e-02  -4.3431432e-01   1.8775000e-02  -7.1087469e-03   2.3485257e+00  -1.6695075e-02   8.0993840e+01   1.0000000e+00   2.0000000e+00   1.3186666e-01   2.0000000e+01
   1.3192818e+00  -7.8436933e-02  -3.2137702e+00   2.5207828e-01   3.5343571e-02   1.1377363e-01   4.0211662e-03   2.7224160e-02  -4.8054450e-01  -1.3082420e-02   6.7498973e+01   2.0000000e+00   2.0000000e+00   4.2927206e-01   1.9000000e+01
   8.0260488e-02  -2.5671302e-02  -2.9853680e+00   7.6638282e-02  -1.0471507e-02   9.2845989e-01  -9.7223738e-03  -2.6509875e-03   1.5335137e+00  -4.0653257e-03   6.2340862e+01   2.0000000e+00   2.0000000e+00   1.9134511e-01   1.8000000e+01
  -5.3925015e-01  -5.9383519e-02  -2.3389029e+00   1.3889228e-01   1.1191904e-02  -1.2998781e+00  -1.4548111e-02   2.5022507e-02   3.4347870e-02   8.5946981e-04   7.5895962e+01   1.0000000e+00   1.0000000e+00   1.2842337e-01   2.0000000e+01
  -5.3925015e-01  -6.5383851e-02  -2.6307063e+00   1.7200571e-01  -4.7084214e-03  -3.6674861e-01   1.7268070e-03  -3.6734957e-02   1.3398863e+00  -4.9220664e-02   6.2565366e+01   2.0000000e+00   1.0000000e+00   5.4768999e-01   1.8000000e+01
   8.0260488e-02  -3.3249827e-02  -2.7823531e+00   9.2512760e-02   8.7182543e-03   1.7154566e+00   1.4955787e-02   2.3408165e-02   2.7693860e-01   6.4826245e-03   6.3353867e+01   1.0000000e+00   1.0000000e+00   2.7707367e-01   1.8000000e+01
   1.3192818e+00  -5.0478237e-02  -1.0333407e+01   5.2161218e-01   1.5075861e-02   2.8927243e-01   4.3610310e-03   3.6165523e-02   5.6604606e-01   2.0471352e-02   7.0283368e+01   1.0000000e+00   2.0000000e+00   3.5392571e-01   1.8000000e+01
   1.3192818e+00  -5.0313074e-02  -2.2341168e+00   1.1240529e-01  -5.3677937e-02   5.6604471e-01  -3.0384112e-02  -2.1474261e-03   1.3974139e+00  -3.0008430e-03   7.4064339e+01   1.0000000e+00   2.0000000e+00   1.1372406e-01   2.0000000e+01
   1.3192818e+00  -4.4810239e-02   5.1629922e-01  -2.3135491e-02   2.0088720e-02  -1.0008983e+00  -2.0106767e-02  -3.8366590e-02  -8.2615172e-01   3.1696624e-02   7.1485284e+01   2.0000000e+00   1.0000000e+00   1.6221197e-01   2.0000000e+01
   6.9977113e-01  -5.6905543e-02  -4.9255419e+00   2.8029064e-01   2.2605845e-02   1.2812212e+00   2.8963087e-02   7.6132646e-02   3.6702827e-01   2.7942833e-02   4.7490760e+01   2.0000000e+00   2.0000000e+00   1.6144186e-01   2.0000000e+01
  -5.3925015e-01  -5.6178565e-03  -4.7056276e+00   2.6435541e-02  -4.5183282e-02   7.7985281e-01  -3.5236309e-02   8.8404664e-03   3.3032024e-01   2.9201850e-03   5.6468172e+01   2.0000000e+00   2.0000000e+00   4.6973121e-01   1.6000000e+01
  -5.3925015e-01  -3.8275486e-02  -1.3959849e+00   5.3432001e-02   3.3715053e-02   7.1180965e-01   2.3998700e-02   1.5678278e-02  -1.4002726e-02  -2.1953862e-04   6.2910335e+01   2.0000000e+00   2.0000000e+00   2.5346298e-01   1.6000000e+01
   6.9977113e-01   3.2310129e-02  -4.8398952e-01  -1.5637764e-02  -2.4989082e-02   9.2185600e-01  -2.3036336e-02  -7.4564743e-03   6.3636961e-01  -4.7450737e-03   6.6669405e+01   1.0000000e+00   1.0000000e+00   4.6319688e-01   1.8000000e+01
  -5.3925015e-01  -1.0272671e-01  -4.0157487e+00   4.1252466e-01   5.8151606e-03   3.6120779e-01   2.1004813e-03   2.3727250e-03  -7.4509104e-01  -1.7678962e-03   7.3916496e+01   1.0000000e+00   2.0000000e+00   2.6508530e-01   2.0000000e+01
   6.9977113e-01  -6.7737725e-02  -4.8700753e+00   3.2988782e-01  -1.3731747e-02  -6.2031281e-01   8.5179785e-03   1.9301813e-02   7.7913648e-01   1.5038747e-02   7.0587269e+01   2.0000000e+00   2.0000000e+00   2.6182744e-01   1.8000000e+01
   6.9977113e-01  -8.1611564e-02  -3.4538665e+00   2.8187545e-01   8.4435274e-03   5.1847247e-01   4.3777365e-03   3.0825921e-02   1.2265977e-01   3.7811005e-03   6.3542779e+01   2.0000000e+00   1.0000000e+00   4.4041906e-01   1.6000000e+01
  -5.3925015e-01  -1.6900278e-02   6.2618935e-01  -1.0582774e-02  -4.1455555e-03   8.1049525e-02  -3.3599530e-04   3.6269332e-02   1.8389512e+00   6.6697532e-02   7.4710472e+01   2.0000000e+00   1.0000000e+00   1.9958123e-01   1.6000000e+01
   8.0260488e-02  -6.2789142e-02  -2.9546799e-02   1.8552182e-03  -6.5148592e-02   5.7240967e-01  -3.7291684e-02  -1.7969018e-02  -1.1410097e+00   2.0502824e-02   7.8967830e+01   1.0000000e+00   2.0000000e+00   2.0709783e-01   1.8000000e+01
   6.9977113e-01  -9.4259177e-02  -1.2228936e+01   1.1526894e+00  -1.8779247e-02   2.3112228e-01  -4.3403025e-03  -3.7624649e-02   2.0944741e+00  -7.8803852e-02   8.5790554e+01   1.0000000e+00   2.0000000e+00   3.1559433e-01   1.6000000e+01
   8.0260488e-02  -2.9772716e-02  -8.0501602e-01   2.3967513e-02   1.1657632e-02   1.0285510e+00   1.1990469e-02   4.0821707e-02   5.7477752e-01   2.3463399e-02   7.5485284e+01   1.0000000e+00   2.0000000e+00   2.8878902e-01   1.8000000e+01
  -5.3925015e-01  -5.1903632e-02  -2.6555202e+00   1.3783114e-01  -2.3722313e-02   2.1537614e-01  -5.1092203e-03   2.4411301e-02  -1.3458056e+00  -3.2852864e-02   6.8536619e+01   2.0000000e+00   2.0000000e+00   3.8086184e-01   1.8000000e+01
   8.0260488e-02  -2.9642969e-02   3.9556591e+00  -1.1725748e-01  -2.1794635e-02  -5.6646086e-01   1.2345807e-02  -4.2786699e-02   2.0450571e+00  -8.7501241e-02   6.5787817e+01   2.0000000e+00   1.0000000e+00   1.8399565e-01   1.6000000e+01
   6.9977113e-01  -4.7787270e-02  -8.5508481e-01   4.0862168e-02   8.9024070e-03  -2.3065611e-01  -2.0533946e-03  -1.4219149e-02  -1.0966644e-01   1.5593634e-03   6.7074606e+01   2.0000000e+00   1.0000000e+00   5.4269137e-01   1.7000000e+01
  -5.3925015e-01  -4.1314988e-02   4.3599745e+00  -1.8013229e-01  -2.8405261e-02  -5.0116798e-01   1.4235807e-02  -1.7519732e-02   5.1351450e-02  -8.9966365e-04   7.9260780e+01   2.0000000e+00   1.0000000e+00   2.8036412e-01   1.6000000e+01
   8.0260488e-02  -6.4488357e-02  -1.4268003e+00   9.2012006e-02   1.8221157e-02   1.6751578e+00   3.0523313e-02   3.2260233e-02   6.2994746e-01   2.0322252e-02   7.6265572e+01   1.0000000e+00   2.0000000e+00   1.4783970e-01   1.8000000e+01
   6.9977113e-01  -3.4418674e-02  -1.3098113e+00   4.5081967e-02  -5.1722693e-03   1.0829777e+00  -5.6014522e-03  -4.8093304e-03   2.6090529e-01  -1.2547797e-03   6.4427105e+01   1.0000000e+00   1.0000000e+00   1.9476123e-01   2.0000000e+01
   1.3192818e+00  -6.3206567e-02  -2.2438874e+00   1.4182842e-01  -2.4085071e-03   7.0426821e-01  -1.6962350e-03   1.1305677e-02   5.8670939e-02   6.6331469e-04   6.9193703e+01   2.0000000e+00   1.0000000e+00   1.9831472e-01   1.6000000e+01
   6.9977113e-01  -7.5629131e-02  -6.1305363e+00   4.6364713e-01   7.9436648e-03  -1.6952329e+00  -1.3466362e-02   4.7844038e-02  -4.1139594e-01  -1.9682843e-02   7.7273101e+01   1.0000000e+00   2.0000000e+00   3.5021380e-01   2.0000000e+01
  -5.3925015e-01   1.7501975e-02  -2.8434845e+00  -4.9766595e-02   2.8664316e-03   1.5084247e+00   4.3237964e-03   1.6590421e-02   1.4877841e+00   2.4682964e-02   7.8647502e+01   1.0000000e+00   2.0000000e+00   8.8739406e-02   1.4000000e+01
   8.0260488e-02  -2.4971717e-02  -4.5623604e+00   1.1392997e-01  -3.0109306e-02  -5.3761942e-01   1.6187348e-02   1.0458140e-03   4.7955749e-01   5.0152794e-04   7.0121834e+01   2.0000000e+00   1.0000000e+00   1.7457605e-01   2.0000000e+01
   8.0260488e-02  -9.6099608e-02   1.3968090e-01  -1.3423279e-02   5.9832701e-03  -8.4083612e-02  -5.0309496e-04  -9.3067312e-03  -5.7863228e-01   5.3851751e-03   7.1115674e+01   2.0000000e+00   2.0000000e+00   1.0617270e-01   2.0000000e+01
   1.3192818e+00  -2.6697537e-02   1.0552406e+00  -2.8172326e-02  -2.6225634e-02  -8.9967424e-01   2.3594527e-02  -1.7363827e-02  -6.4208515e-01   1.1149056e-02   6.0008214e+01   2.0000000e+00   1.0000000e+00   3.7201562e-01   2.0000000e+01
   6.9977113e-01  -2.4807594e-02   2.0649430e+00  -5.1226268e-02  -3.3148573e-02   1.0001261e+00  -3.3152751e-02   1.0896055e-02  -4.2646395e-01  -4.6467747e-03   5.3259411e+01   2.0000000e+00   2.0000000e+00   5.0823459e-01   2.0000000e+01
   6.9977113e-01  -5.9021209e-02  -3.1741130e+00   1.8733999e-01  -1.1079807e-02  -9.1260144e-01   1.0111448e-02   2.1903449e-02  -1.3384083e+00  -2.9315758e-02   5.4392882e+01   2.0000000e+00   1.0000000e+00   1.9629089e-01   1.6000000e+01
