   4.5836771e-01   1.4141435e-02   1.8912921e-02   2.6745584e-04  -1.2268619e-02  -9.6688096e-03   1.1862294e-04  -2.1890821e-03   8.8922217e-03  -1.9465804e-05   6.6162902e+01   2.0000000e+00   1.0000000e+00   1.6468586e-01   1.8000000e+01
  -8.2252207e-01   1.6511178e-02  -1.0361761e-02  -1.7108488e-04  -8.8300867e-02  -5.4405279e-02   4.8040333e-03  -3.2024450e-02  -1.2130728e-02   3.8847991e-04   5.2536619e+01   1.0000000e+00   1.0000000e+00   2.9830052e-01   1.6000000e+01
   3.1404452e-02  -2.5438851e-02  -9.3824451e-03   2.3867862e-04   2.2651544e-02  -1.2522705e-02  -2.8365859e-04  -6.5335584e-02   1.8242230e-02  -1.1918667e-03   6.1412731e+01   1.0000000e+00   1.0000000e+00   1.2195999e-01   1.3000000e+01
  -1.6764486e+00  -2.3012403e-02   5.0376895e-03  -1.1592934e-04  -3.3883059e-02   2.8774514e-02  -9.7496855e-04  -3.8741237e-02   1.8982660e-03  -7.3541171e-05   6.1311431e+01   2.0000000e+00   1.0000000e+00   1.7978409e-01   1.4000000e+01
  -2.5303751e+00   6.9902126e-02  -2.7007611e-04  -1.8878894e-05  -7.5132188e-02   1.7399953e-02  -1.3072965e-03  -1.6658371e-01  -1.9800314e-02   3.2984097e-03   5.8362765e+01   2.0000000e+00   1.0000000e+00   8.0310990e-02   1.6000000e+01
  -4.4517098e+00  -1.9652155e-02   5.1330168e-02  -1.0087484e-03  -3.4902104e-02  -1.6098856e-02   5.6188396e-04  -1.4738281e-02  -9.2876692e-03   1.3688428e-04   7.9014374e+01   2.0000000e+00   1.0000000e+00   4.3107692e-01   8.0000000e+00
   4.5836771e-01  -9.0856733e-03   1.0222381e-02  -9.2877219e-05   1.8754437e-02   1.4220217e-02   2.6669215e-04   1.4777433e-03   1.1822860e-02   1.7471152e-05   6.8766598e+01   2.0000000e+00   2.0000000e+00   2.4045585e-01   2.5000000e+01
  -1.8899302e+00   1.0363400e-02  -2.1837222e-02  -2.2630787e-04  -8.8544937e-02   6.9627550e-03  -6.1651671e-04  -1.0106492e-01  -3.5388489e-02   3.5765348e-03   6.8350445e+01   2.0000000e+00   1.0000000e+00   4.0823132e-01   1.4000000e+01
  -2.5303751e+00   3.5573826e-02   1.7542499e-02   6.2405380e-04  -7.2286521e-03  -4.1043110e-02   2.9668636e-04  -4.5064356e-02  -2.1393201e-02   9.6407084e-04   6.3414100e+01   2.0000000e+00   1.0000000e+00   3.9504499e-01   1.4000000e+01
   6.7184935e-01  -1.6910213e-02   9.1805018e-03  -1.5524424e-04  -1.8393899e-02  -1.6698398e-02   3.0714865e-04  -7.4154475e-02  -2.9165211e-02   2.1627309e-03   6.9284052e+01   2.0000000e+00   1.0000000e+00   3.5030643e-01   1.8000000e+01
   2.4488608e-01  -2.6344821e-02   4.4167571e-03  -1.1635868e-04  -1.2099046e-02  -1.5895648e-03   1.9232217e-05  -2.7604814e-02  -5.5853193e-03   1.5418170e-04   8.0856947e+01   2.0000000e+00   2.0000000e+00   4.5902208e-01   1.8000000e+01
  -3.3843016e+00   5.5598184e-02   2.6825415e-02   1.4914444e-03  -7.3537731e-02  -3.0048928e-03   2.2097300e-04  -1.0834931e-01  -4.4188008e-02   4.7877401e-03   5.2626968e+01   2.0000000e+00   1.0000000e+00   4.3445187e-01   1.6000000e+01
  -1.0360037e+00   4.5369753e-02   3.4495028e-02   1.5650309e-03  -7.0192122e-02  -9.3557815e-03   6.5670216e-04   1.8535602e-02  -4.9384094e-03  -9.1536392e-05   5.6947296e+01   2.0000000e+00   1.0000000e+00   3.5415080e-01   1.3000000e+01
  -1.0360037e+00   1.6757265e-02   6.5912528e-03   1.1045137e-04  -3.0711718e-02   6.7939109e-03  -2.0865267e-04  -4.6056648e-02   2.3820425e-03  -1.0970889e-04   7.2761123e+01   2.0000000e+00   2.0000000e+00   1.7093524e-01   1.6000000e+01
  -1.2494853e+00   8.0423451e-02   2.6054194e-02   2.0953682e-03  -1.2237147e-01  -1.0497416e-02   1.2845843e-03  -6.2774546e-02  -1.5169524e-02   9.5225995e-04   5.8559890e+01   2.0000000e+00   1.0000000e+00   1.8498179e-01   1.2000000e+01
  -2.1034119e+00   9.1295085e-02   3.2822649e-02   2.9965466e-03  -1.1287426e-01  -1.4701327e-02   1.6594015e-03  -7.3036667e-02  -3.2998249e-02   2.4100821e-03   4.7715264e+01   2.0000000e+00   2.0000000e+00   3.4633051e-01   1.7000000e+01
  -3.9555881e-01   2.0709054e-02   1.3766602e-02   2.8509330e-04  -9.4913316e-03  -1.7420456e-02   1.6534333e-04   3.0464237e-03   7.3682870e-03   2.2446924e-05   6.9697467e+01   1.0000000e+00   1.0000000e+00   2.5330834e-01   1.2000000e+01
  -8.2252207e-01  -3.1144638e-03  -8.2856163e-03   2.5805252e-05  -7.3133500e-02  -4.8691224e-02   3.5609596e-03  -6.7761116e-02   4.0019351e-04  -2.7117558e-05   5.4622861e+01   2.0000000e+00   1.0000000e+00   1.5514284e-01   1.6000000e+01
  -1.4629670e+00   8.2249956e-02   2.0225180e-02   1.6635202e-03  -9.9051534e-02  -9.1502471e-03   9.0634601e-04  -7.3703070e-02  -3.7432692e-02   2.7589043e-03   7.0228611e+01   2.0000000e+00   1.0000000e+00   1.3723680e-01   1.8000000e+01
  -8.2252207e-01   4.4185417e-02   1.1801008e-02   5.2143248e-04  -6.6594038e-02   8.4914441e-03  -5.6547955e-04  -7.5408854e-02  -2.5604414e-02   1.9307995e-03   6.3950719e+01   1.0000000e+00   1.0000000e+00   3.4153249e-01   2.3000000e+01
  -1.2494853e+00   5.0945604e-02   2.5892322e-02   1.3191000e-03  -8.0392783e-02  -5.2623245e-02   4.2305291e-03  -9.6608580e-02  -2.3050901e-04   2.2269148e-05   5.3286790e+01   2.0000000e+00   1.0000000e+00   2.9318697e-01   1.8000000e+01
   2.4488608e-01  -1.1058628e-02  -8.7147917e-03   9.6373637e-05  -2.6879710e-02  -2.2682438e-02   6.0969734e-04  -2.7252264e-02   1.8132686e-02  -4.9415673e-04   6.7238877e+01   2.0000000e+00   2.0000000e+00   1.4920468e-01   2.0000000e+01
  -1.2494853e+00  -5.0004973e-02   1.5399280e-02  -7.7004057e-04   1.5203234e-02  -2.9319545e-03  -4.4575191e-05   2.0848262e-02   5.6874512e-03   1.1857348e-04   7.9293634e+01   2.0000000e+00   2.0000000e+00   2.5618999e-01   1.2000000e+01
  -1.0360037e+00  -6.4527325e-02   1.4081706e-02  -9.0865481e-04   4.9667927e-02   3.6449809e-03   1.8103865e-04   1.9546205e-02   1.9577477e-03   3.8266537e-05   7.5980835e+01   1.0000000e+00   1.0000000e+00   1.6103539e-01   2.6000000e+01
  -6.0904044e-01   3.9628423e-02  -4.8869815e-03  -1.9366337e-04  -6.4146041e-02  -2.2025220e-02   1.4128307e-03  -3.8758373e-02  -6.9681301e-03   2.7007338e-04   5.7084189e+01   1.0000000e+00   1.0000000e+00   3.0339246e-01   2.0000000e+01
   2.4488608e-01   7.7238643e-02  -2.7420948e-03  -2.1179568e-04  -8.1183600e-03   1.3520799e-02  -1.0976671e-04  -5.4752309e-03  -3.4765425e-02   1.9034873e-04   7.6574949e+01   2.0000000e+00   2.0000000e+00   1.4967898e-01   1.6000000e+01
  -3.8112649e+00   2.6036573e-03  -8.3336500e-03  -2.1697969e-05  -6.1802512e-02   1.6187893e-03  -1.0004524e-04  -6.5271808e-02  -1.6818881e-02   1.0977988e-03   5.0639288e+01   2.0000000e+00   2.0000000e+00   1.2869872e-01   1.8000000e+01
  -1.4629670e+00   4.4403040e-02   1.3767957e-02   6.1133915e-04  -4.9924447e-02   5.2470143e-04  -2.6195428e-05  -5.9965800e-02  -3.7278791e-03   2.2354525e-04   6.5916496e+01   1.0000000e+00   2.0000000e+00   2.2383050e-01   1.2000000e+01
  -1.8899302e+00   1.6556261e-02  -1.2123684e-03  -2.0072288e-05  -2.0753877e-02  -1.0353046e-02   2.1486583e-04  -7.4569992e-02  -3.8682575e-02   2.8845593e-03   6.2132786e+01   2.0000000e+00   2.0000000e+00   2.5668656e-01   1.6000000e+01
  -3.9555881e-01   5.7123435e-02   4.5050775e-02   2.5734550e-03  -1.2879164e-02   1.8921027e-02  -2.4368701e-04  -7.6359541e-02  -7.6834462e-03   5.8670443e-04   7.2062971e+01   2.0000000e+00   2.0000000e+00   4.1724740e-01   1.1000000e+01
  -1.8899302e+00   8.4691571e-02   2.5011800e-02   2.1182886e-03  -3.7695241e-02  -1.2224558e-02   4.6080766e-04   6.5515425e-02   5.5913656e-03   3.6632069e-04   6.1023956e+01   2.0000000e+00   2.0000000e+00   2.3638178e-01   1.9000000e+01
  -1.8207718e-01   4.9746855e-02  -7.3510999e-03  -3.6569410e-04  -4.7829473e-02   6.3196791e-04  -3.0226692e-05  -3.7709850e-02   1.2572341e-02  -4.7410110e-04   8.3318275e+01   1.0000000e+00   2.0000000e+00   2.2604228e-01   1.6000000e+01
  -2.7438568e+00   6.4549513e-02   1.0617459e-02   6.8535182e-04  -7.3093067e-02  -1.0966610e-02   8.0158318e-04  -7.4892444e-02  -3.5418178e-02   2.6525539e-03   5.7445585e+01   1.0000000e+00   2.0000000e+00   3.1931797e-01   1.4000000e+01
  -6.0904044e-01   2.0232912e-02   1.2610649e-02   2.5515016e-04  -4.2372191e-02   3.4053310e-02  -1.4429133e-03   2.2748150e-02   9.5187352e-03   2.1653362e-04   8.4355921e+01   2.0000000e+00   2.0000000e+00   3.6307297e-01   1.3000000e+01
  -2.3168935e+00   8.4179459e-02  -1.3980827e-02  -1.1768985e-03  -3.0540826e-02   9.5232815e-03  -2.9084888e-04   9.4292383e-02  -2.3650722e-02  -2.2300830e-03   6.2376454e+01   1.0000000e+00   2.0000000e+00   1.8142510e-01   2.0000000e+01
  -3.8112649e+00  -7.9353473e-03   6.8669821e-03  -5.4491887e-05  -1.0754090e-02  -3.1120879e-02   3.3467672e-04  -3.5732996e-02  -1.1168646e-02   3.9908919e-04   6.2387406e+01   2.0000000e+00   2.0000000e+00   1.6483458e-01   1.3000000e+01
  -8.2252207e-01   4.2160430e-02  -4.4986979e-02  -1.8966704e-03  -3.6062810e-02  -2.3782861e-02   8.5767678e-04  -1.8038936e-02   3.4935640e-03  -6.3020179e-05   8.3425051e+01   1.0000000e+00   2.0000000e+00   1.1264114e-01   2.0000000e+01
  -8.2252207e-01  -3.4143162e-02   7.3845626e-03  -2.5213232e-04  -7.6481973e-03   7.9294499e-03  -6.0645997e-05   9.6572082e-03  -3.2882119e-02  -3.1754947e-04   5.7952088e+01   1.0000000e+00   2.0000000e+00   2.7029065e-01   1.8000000e+01
   2.4488608e-01  -4.3449512e-02  -1.2153302e-02   5.2805502e-04  -1.2853409e-02  -9.9557203e-03   1.2796494e-04  -2.0248641e-02  -3.3879518e-03   6.8601421e-05   6.4928131e+01   2.0000000e+00   2.0000000e+00   9.3755546e-02   1.6000000e+01
  -1.4629670e+00  -1.2530080e-02   3.3216937e-02  -4.1621089e-04   8.9724104e-03   6.6498343e-03   5.9665043e-05  -5.6714059e-02  -2.7778465e-02   1.5754295e-03   6.1727584e+01   1.0000000e+00   2.0000000e+00   2.3134133e-01   1.2000000e+01
  -1.8207718e-01   9.1650445e-03   4.0445740e-03   3.7068701e-05   1.2291348e-02   9.9409469e-03   1.2218764e-04  -1.9417924e-02  -1.0073803e-03   1.9561234e-05   6.7277207e+01   2.0000000e+00   2.0000000e+00   2.2842215e-01   1.6000000e+01
   2.4488608e-01   1.0354724e-02   1.5114004e-02   1.5650133e-04  -9.9328124e-02  -2.8566273e-02   2.8374343e-03  -2.2495763e-02  -4.9255809e-02   1.1080470e-03   6.2340862e+01   1.0000000e+00   2.0000000e+00   1.4855502e-01   1.6000000e+01
  -1.0360037e+00  -4.9332006e-03  -1.6792047e-02   8.2838537e-05   1.6362779e-02   1.5056898e-02   2.4637271e-04  -1.7434429e-02  -1.8205069e-02   3.1739497e-04   8.5478439e+01   1.0000000e+00   2.0000000e+00   3.7138916e-01   1.5000000e+01
   4.5836771e-01  -2.4374836e-02   1.0031500e-02  -2.4451617e-04  -3.8192002e-02  -7.7791391e-04   2.9710090e-05  -2.5625359e-02   1.3068153e-02  -3.3487612e-04   9.5520876e+01   2.0000000e+00   2.0000000e+00   1.8214360e-01   1.7000000e+01
  -8.2252207e-01  -2.6790876e-02  -1.1865420e-02   3.1788500e-04   2.1160145e-02  -2.1330976e-02  -4.5136654e-04  -1.6214751e-02  -8.3843897e-03   1.3595080e-04   7.2654346e+01   1.0000000e+00   2.0000000e+00   1.1188926e-01   1.6000000e+01
  -1.4629670e+00  -3.6434184e-02  -3.4713189e-02   1.2647467e-03   3.1020679e-02  -4.3042115e-02  -1.3351956e-03  -7.7790902e-03  -3.8246267e-03   2.9752116e-05   7.0710472e+01   2.0000000e+00   2.0000000e+00   1.8462339e-01   1.8000000e+01
  -1.4629670e+00   3.3883621e-03  -4.2066326e-02  -1.4253595e-04  -3.3093077e-02  -6.8035992e-03   2.2515203e-04  -1.0776210e-02   9.6447669e-03  -1.0393403e-04   6.4424367e+01   1.0000000e+00   2.0000000e+00   1.6022861e-01   1.2000000e+01
  -4.0247465e+00   9.7329806e-02   1.0076713e-02   9.8076451e-04  -2.5546748e-02   6.5741028e-03  -1.6794695e-04  -1.1250325e-01  -2.4523418e-02   2.7589641e-03   6.0005476e+01   2.0000000e+00   2.0000000e+00   1.5960644e-01   1.2000000e+01
  -2.1034119e+00   6.3793818e-02  -7.8255472e-03  -4.9922153e-04  -5.2287443e-02  -2.5725873e-02   1.3451401e-03  -6.7038705e-02  -9.4978253e-03   6.3672190e-04   5.5720739e+01   1.0000000e+00   2.0000000e+00   1.4739702e-01   1.8000000e+01
  -1.4629670e+00   1.3060544e-01  -1.2147438e-02  -1.5865214e-03  -1.0639798e-01   1.8368794e-03  -1.9544026e-04  -5.7005495e-02  -2.7868149e-02   1.5886376e-03   5.7826146e+01   2.0000000e+00   2.0000000e+00   2.8322555e-01   1.8000000e+01
  -1.8207718e-01   5.7862441e-02   2.0844130e-02   1.2060922e-03   4.8946183e-02   2.0072054e-02   9.8245043e-04  -5.2892687e-02  -3.9607419e-02   2.0949428e-03   7.6098563e+01   2.0000000e+00   2.0000000e+00   1.2280391e-01   2.0000000e+01
  -6.0904044e-01  -5.2636371e-02  -3.5335243e-02   1.8599189e-03   4.7466128e-02   1.1873300e-02   5.6357957e-04   1.5500635e-02   2.3320876e-02   3.6148839e-04   6.7386721e+01   1.0000000e+00   2.0000000e+00   2.6514504e-01   1.6000000e+01
  -3.3843016e+00   1.9783274e-02   1.0207565e-02   2.0193905e-04   2.9387561e-02  -1.4306371e-02  -4.2042933e-04   2.9379128e-02  -1.3959284e-02  -4.1011161e-04   6.5705681e+01   2.0000000e+00   2.0000000e+00   2.1692849e-01   1.2000000e+01
  -1.0360037e+00   7.5759836e-02   1.8073489e-02   1.3692446e-03  -1.5395639e-02   1.6557251e-02  -2.5490946e-04  -8.5979964e-02  -7.2715920e-03   6.2521122e-04   7.3618070e+01   2.0000000e+00   2.0000000e+00   1.7794981e-01   1.8000000e+01
  -1.8899302e+00  -2.1492473e-02   2.6982284e-02  -5.7991602e-04   1.5850629e-02  -1.4996550e-02  -2.3770476e-04  -2.6242199e-02  -4.2744424e-02   1.1217077e-03   7.1310062e+01   2.0000000e+00   2.0000000e+00   1.1264651e-01   1.6000000e+01
  -6.0904044e-01  -2.9122987e-02  -1.0618804e-02   3.0925129e-04  -1.0252748e-01  -2.1047267e-02   2.1579234e-03  -3.8926382e-02   8.3966901e-03  -3.2685277e-04   5.8663929e+01   2.0000000e+00   2.0000000e+00   1.3232131e-01   1.6000000e+01
  -2.1034119e+00   6.9688700e-02   9.1354078e-03   6.3663470e-04   2.5473775e-02   1.9965024e-02   5.0858453e-04  -2.1268275e-02  -2.1994616e-03   4.6778754e-05   7.4028747e+01   1.0000000e+00   2.0000000e+00   3.1967258e-01   1.8000000e+01
  -1.2494853e+00  -2.6178693e-02  -1.9068382e-02   4.9918532e-04   2.7091825e-03  -1.3472587e-03  -3.6499697e-06  -7.8444351e-02  -8.0807021e-03   6.3388543e-04   7.1726215e+01   1.0000000e+00   2.0000000e+00   8.0078026e-02   1.6000000e+01
  -2.1034119e+00   1.3068994e-02  -5.8006255e-03  -7.5808341e-05  -2.8797960e-02  -6.4988883e-03   1.8715473e-04  -1.8705508e-02   8.3187831e-03  -1.5560706e-04   7.5972621e+01   2.0000000e+00   2.0000000e+00   1.3404843e-01   2.0000000e+01
  -2.7438568e+00   4.6429371e-02   6.0661732e-03   2.8164860e-04  -1.4458172e-02  -2.0910757e-02   3.0233132e-04  -3.2832827e-02  -1.0442029e-02   3.4284133e-04   6.2017796e+01   1.0000000e+00   2.0000000e+00   1.5336721e-01   1.6000000e+01
   2.4488608e-01  -2.5526891e-02  -3.1200456e-02   7.9645063e-04  -4.4806265e-02  -1.7304489e-02   7.7534950e-04  -7.6868467e-02  -2.1753635e-02   1.6721686e-03   6.3112936e+01   2.0000000e+00   1.0000000e+00   4.2303873e-01   1.8000000e+01
  -8.2252207e-01   4.7918952e-02   1.5999347e-02   7.6667194e-04   3.2014445e-02   1.5755405e-02   5.0440055e-04  -2.9201559e-02  -5.7760320e-03   1.6866914e-04   5.9838467e+01   1.0000000e+00   1.0000000e+00   3.9991319e-01   1.6000000e+01
  -1.8207718e-01  -3.8685663e-02   2.8034433e-02  -1.0845306e-03   7.7794259e-02   2.0033422e-02   1.5584852e-03   1.3852482e-02   1.0034129e-02   1.3899759e-04   7.1778234e+01   2.0000000e+00   1.0000000e+00   3.0747338e-01   1.6000000e+01
  -1.0360037e+00   3.2851002e-02   2.2386367e-02   7.3541460e-04   6.5383034e-02   9.6097386e-03   6.2831386e-04   1.3227278e-01   2.0256053e-02   2.6793244e-03   5.8280630e+01   2.0000000e+00   1.0000000e+00   3.2934500e-01   1.8000000e+01
   4.5836771e-01   9.6847346e-02   1.9510263e-02   1.8895172e-03   4.6306667e-02   5.0333793e-03   2.3307902e-04   1.4401260e-01   3.5653079e-02   5.1344926e-03   4.6086242e+01   2.0000000e+00   1.0000000e+00   3.5708402e-01   1.6000000e+01
  -1.0360037e+00   2.3890829e-03  -5.4815479e-03  -1.3095873e-05  -3.8627226e-02   6.8622250e-03  -2.6506872e-04   5.5800723e-02   8.0161015e-03   4.4730426e-04   4.7400411e+01   2.0000000e+00   1.0000000e+00   2.6993295e-01   1.2000000e+01
  -1.4629670e+00   1.0192986e-01   3.3768409e-02   3.4420093e-03   3.2476124e-02  -2.4168834e-02  -7.8491005e-04   1.9156408e-01   2.8342507e-04   5.4294062e-05   6.5905544e+01   2.0000000e+00   1.0000000e+00   5.2595941e-01   1.5000000e+01
   4.5836771e-01   5.5687471e-02  -5.4618147e-03  -3.0415465e-04   5.4985610e-02  -4.8376189e-03  -2.6599943e-04   6.2640136e-02  -2.9012494e-03  -1.8173466e-04   5.4067077e+01   1.0000000e+00   1.0000000e+00   1.8607349e-01   1.6000000e+01
  -1.8207718e-01   2.6536221e-02   1.9302453e-02   5.1221416e-04  -4.1136965e-03  -7.7201959e-03   3.1758543e-05   2.3493138e-03   1.7599172e-03   4.1345976e-06   7.6024641e+01   2.0000000e+00   1.0000000e+00   1.3879113e-01   1.8000000e+01
  -1.6764486e+00   9.2995127e-02   5.1184815e-02   4.7599383e-03   5.9737406e-02   1.5994042e-02   9.5544258e-04   1.0372046e-01   1.9189066e-02   1.9902987e-03   6.6997947e+01   2.0000000e+00   1.0000000e+00   1.5466218e-01   1.9000000e+01
  -2.3168935e+00   7.1859720e-03   2.9365440e-03   2.1101923e-05  -2.0490943e-02  -8.4905990e-03   1.7398038e-04   8.0398676e-02   1.7004600e-02   1.3671473e-03   7.1167693e+01   1.0000000e+00   1.0000000e+00   2.4627555e-01   1.6000000e+01
  -1.8207718e-01   1.5403502e-01   2.5191450e-02   3.8803654e-03   1.4997495e-01   1.2444982e-02   1.8664355e-03   2.3169132e-02  -1.4107565e-03  -3.2686003e-05   6.4621492e+01   1.0000000e+00   1.0000000e+00   2.4788608e-01   1.6000000e+01
  -1.8207718e-01   1.1223530e-01   1.8496249e-02   2.0759320e-03   5.8236971e-03  -1.0773137e-02  -6.2739488e-05   1.4260944e-01   2.0653488e-02   2.9453823e-03   6.1497604e+01   1.0000000e+00   1.0000000e+00   3.5138939e-01   2.0000000e+01
  -8.2252207e-01   1.1100863e-01   4.9567760e-02   5.5024490e-03  -6.3344522e-02   8.7574181e-04  -5.5473446e-05   2.2106615e-02   1.0009453e-02   2.2127511e-04   7.2689938e+01   2.0000000e+00   1.0000000e+00   4.3108784e-01   1.8000000e+01
  -3.9555881e-01   8.7246678e-02  -1.6944370e-02  -1.4783400e-03  -2.5433313e-02   6.3566231e-03  -1.6166998e-04   1.4516843e-01   1.0625931e-02   1.5425498e-03   5.4275154e+01   2.0000000e+00   1.0000000e+00   4.0362322e-01   1.4000000e+01
  -1.0360037e+00   1.3971800e-01   2.7637242e-02   3.8614200e-03  -3.3076707e-02   3.0408469e-03  -1.0058120e-04   7.7185004e-03   1.0283759e-02   7.9375195e-05   6.7581109e+01   2.0000000e+00   1.0000000e+00   4.7324374e-01   1.4000000e+01
  -1.8207718e-01   8.2153304e-03   2.0125896e-02   1.6534088e-04  -3.2694209e-02  -2.8375375e-02   9.2771045e-04   5.8645477e-02   3.0085540e-02   1.7643809e-03   4.8251882e+01   2.0000000e+00   1.0000000e+00   2.5829068e-01   2.0000000e+01
  -2.1034119e+00   2.1705934e-02   8.9818391e-03   1.9495921e-04   1.9326287e-02   4.0204214e-02   7.7699818e-04   5.4641988e-02   2.3956825e-02   1.3090485e-03   4.7345654e+01   1.0000000e+00   2.0000000e+00   1.2016918e-01   1.6000000e+01
  -1.8207718e-01  -2.7468446e-03   6.7885075e-03  -1.8646975e-05   2.5029718e-02  -3.2684366e-02  -8.1808046e-04   3.9546486e-02   3.3633268e-03   1.3300776e-04   7.4863792e+01   1.0000000e+00   1.0000000e+00   5.0338590e-01   1.5000000e+01
  -1.8207718e-01   7.1318599e-02   1.3974863e-02   9.9666763e-04  -2.5029198e-02   1.3767048e-02  -3.4457817e-04   3.8266327e-03   4.1618611e-02   1.5925914e-04   6.8476386e+01   1.0000000e+00   2.0000000e+00   2.3262473e-01   2.0000000e+01
  -3.9555881e-01   1.2490945e-02  -1.1641368e-02  -1.4541168e-04   1.7920934e-02   2.7503324e-02   4.9288526e-04   2.0492083e-02   6.0915667e-03   1.2482889e-04   6.7972621e+01   2.0000000e+00   2.0000000e+00   1.7570159e-01   1.6000000e+01
  -1.8207718e-01   8.1386690e-02  -1.1267079e-04  -9.1699030e-06   1.2122114e-01  -2.0314621e-03  -2.4625615e-04   7.8059615e-02   1.7223488e-02   1.3444588e-03   5.6191650e+01   1.0000000e+00   2.0000000e+00   2.2363157e-01   1.8000000e+01
  -1.0360037e+00   6.3993886e-02  -7.1794420e-05  -4.5944040e-06  -2.8649222e-02   8.5388199e-03  -2.4463055e-04   1.1388922e-01   9.2819132e-03   1.0571098e-03   3.4091718e+01   1.0000000e+00   2.0000000e+00   2.8372174e-01   1.8000000e+01
  -3.9555881e-01   1.3562118e-01  -4.0972080e-04  -5.5566820e-05  -9.9205393e-03   2.8299996e-02  -2.8075122e-04   2.6613473e-02   9.9672442e-04   2.6526299e-05   6.6891170e+01   1.0000000e+00   2.0000000e+00   1.5306902e-01   1.6000000e+01
   2.4488608e-01   9.7328462e-02   1.2365318e-03   1.2034974e-04   6.2030106e-02   7.9589828e-03   4.9369654e-04   4.2880694e-02   2.7177686e-02   1.1653980e-03   3.6213552e+01   1.0000000e+00   2.0000000e+00   2.1366399e-01   1.6000000e+01
   2.4488608e-01   9.0757567e-02   1.4877890e-02   1.3502811e-03   1.0099646e-01   1.7448428e-02   1.7622295e-03   1.0119987e-01   1.0626244e-02   1.0753744e-03   4.9779603e+01   2.0000000e+00   2.0000000e+00   1.5144179e-01   1.6000000e+01
  -3.9555881e-01   5.8149228e-02   3.9395798e-02   2.2908352e-03   1.6344103e-03   8.8017506e-03   1.4385671e-05   9.4461218e-02   2.4915578e-02   2.3535558e-03   6.9746749e+01   2.0000000e+00   2.0000000e+00   2.3077262e-01   1.8000000e+01
   3.1404452e-02  -2.2582663e-02   3.4214560e-02  -7.7265587e-04  -3.6184218e-02   5.6416437e-03  -2.0413847e-04   3.7372674e-02   3.7550744e-02   1.4033717e-03   5.3768652e+01   1.0000000e+00   2.0000000e+00   1.4550652e-01   1.2000000e+01
  -1.8207718e-01   4.4460405e-03   1.1746600e-03   5.2225860e-06  -9.4709175e-04   1.4444251e-02  -1.3680031e-05  -3.1436697e-03   2.7105860e-02  -8.5211873e-05   6.4783025e+01   2.0000000e+00   2.0000000e+00   4.1799772e-01   1.4000000e+01
  -1.8207718e-01  -1.7341970e-02   6.4055670e-03  -1.1108515e-04  -1.4561065e-02  -1.3884583e-02   2.0217432e-04   1.1281118e-02   1.5038072e-02   1.6964627e-04   6.2220397e+01   1.0000000e+00   2.0000000e+00   1.1720370e-01   1.6000000e+01
  -1.2494853e+00  -1.6163753e-02  -2.0071278e-02   3.2442718e-04  -4.5777300e-02  -3.6557483e-03   1.6735029e-04   7.6870064e-02   4.0938498e-02   3.1469450e-03   6.9823409e+01   2.0000000e+00   2.0000000e+00   1.9666750e-01   1.4000000e+01
   2.4488608e-01   4.5895046e-02   2.3671809e-02   1.0864188e-03  -5.1062876e-03   2.3917221e-02  -1.2212821e-04   5.2870154e-04   2.7980059e-03   1.4793100e-06   6.8626968e+01   1.0000000e+00   2.0000000e+00   4.2849235e-01   1.2000000e+01
  -3.9555881e-01   5.2718224e-02   2.9883701e-02   1.5754156e-03   2.7265920e-02  -1.1504586e-05  -3.1368312e-07   4.5564557e-02   2.2971316e-02   1.0466778e-03   7.2678987e+01   2.0000000e+00   2.0000000e+00   1.3538186e-01   1.4000000e+01
  -1.8207718e-01   1.1123211e-01  -3.8572173e-03  -4.2904642e-04   7.8806231e-02   8.5055784e-03   6.7029257e-04  -9.7514526e-04   1.7982087e-02  -1.7535147e-05   7.2038330e+01   1.0000000e+00   2.0000000e+00   3.4635952e-01   1.6000000e+01
  -6.0904044e-01   9.6070487e-02   4.3334133e-02   4.1631313e-03   8.0688170e-02   5.1493793e-02   4.1549399e-03   8.9689787e-02   5.1099079e-02   4.5830655e-03   6.1097878e+01   2.0000000e+00   2.0000000e+00   2.8214479e-01   2.0000000e+01
  -6.0904044e-01   4.3560145e-02   4.1405023e-03   1.8036088e-04   1.1748368e-01   2.5703830e-02   3.0197807e-03  -1.5997070e-02   2.4486645e-03  -3.9171458e-05   6.3449692e+01   1.0000000e+00   2.0000000e+00   2.7261008e-01   1.2000000e+01
  -1.8207718e-01   3.7831888e-03  -3.1817938e-02  -1.2037326e-04   4.6536756e-02   1.1113086e-02   5.1716699e-04   1.0706877e-02  -2.8961142e-03  -3.1008338e-05   6.5494867e+01   1.0000000e+00   2.0000000e+00   1.2808534e-01   1.6000000e+01
   4.5836771e-01   1.9892259e-02  -1.9847885e-02  -3.9481927e-04   4.0554529e-02  -2.7803245e-03  -1.1275475e-04   5.4524524e-02   3.6330073e-02   1.9808800e-03   6.7468857e+01   1.0000000e+00   2.0000000e+00   1.0591964e-01   1.8000000e+01
  -6.0904044e-01   1.4093978e-02  -2.4332189e-02  -3.4293732e-04   8.0461956e-03  -7.0378660e-03  -5.6628046e-05  -8.5782359e-03   2.8554605e-03  -2.4494814e-05   7.5017112e+01   1.0000000e+00   2.0000000e+00   1.4415719e-01   1.8000000e+01
  -3.9555881e-01   5.3464609e-02   2.1795268e-02   1.1652755e-03  -3.9814271e-02   8.1519618e-03  -3.2456442e-04   2.3425967e-01   4.2651937e-03   9.9916288e-04   6.5579740e+01   1.0000000e+00   1.0000000e+00   5.0765194e-01   1.5000000e+01
  -1.2494853e+00   1.0816578e-01   6.8372518e-04   7.3955665e-05  -6.8999567e-02   2.4410920e-02  -1.6843429e-03   3.7173746e-02  -8.3810707e-03  -3.1155579e-04   4.5900068e+01   1.0000000e+00   1.0000000e+00   4.0941370e-01   1.5000000e+01
   2.4488608e-01  -1.8384948e-02   1.6119872e-03  -2.9636301e-05   4.7280700e-02   7.4850871e-03   3.5390015e-04  -3.0277211e-02  -3.2879138e-03   9.9548860e-05   6.2047912e+01   1.0000000e+00   2.0000000e+00   4.0587996e-01   1.6000000e+01
  -3.9555881e-01   2.2413933e-02  -1.5286887e-02  -3.4263925e-04   5.5752301e-02  -5.8825991e-03  -3.2796843e-04   1.6618533e-02  -1.4970075e-02  -2.4878068e-04   6.0459959e+01   1.0000000e+00   1.0000000e+00   2.9117733e-01   2.0000000e+01
  -3.9555881e-01   9.8026353e-03  -6.0070822e-03  -5.8885236e-05  -7.5044390e-02  -2.3072695e-02   1.7314763e-03  -5.9642845e-02  -3.6181813e-02   2.1579863e-03   5.8757016e+01   2.0000000e+00   1.0000000e+00   4.4138340e-01   1.6000000e+01
  -3.9555881e-01   4.3649445e-02   3.6010031e-02   1.5718179e-03  -5.3995740e-02   5.0195970e-03  -2.7103686e-04  -3.4459812e-02  -1.3891862e-02   4.7871094e-04   7.3785079e+01   2.0000000e+00   1.0000000e+00   5.0383052e-01   1.8000000e+01
   4.5836771e-01   1.2589406e-02  -2.2301449e-02  -2.8076199e-04  -2.1637003e-02  -4.6092617e-03   9.9730609e-05   1.5629593e-02   1.3928263e-02   2.1769308e-04   7.3423682e+01   1.0000000e+00   1.0000000e+00   2.1663992e-01   2.0000000e+01
   3.1404452e-02  -3.8274866e-03   6.1072270e-03  -2.3375329e-05  -3.6655394e-02  -7.3761699e-03   2.7037641e-04   2.0345351e-03   7.7114227e-03   1.5689160e-05   5.9786448e+01   2.0000000e+00   1.0000000e+00   2.8345810e-01   1.6000000e+01
  -1.4629670e+00   4.6151264e-03   3.7518043e-02   1.7315051e-04   1.1066564e-02  -2.0375751e-03  -2.2548955e-05  -2.1031712e-03  -1.0190227e-02   2.1431792e-05   7.5441478e+01   2.0000000e+00   1.0000000e+00   3.5053797e-01   1.3000000e+01
   3.1404452e-02  -5.0314771e-02  -1.7192157e-02   8.6501946e-04   1.0859114e-02  -1.4111562e-02  -1.5323906e-04   5.6968338e-02   1.9176123e-02   1.0924319e-03   7.2539357e+01   1.0000000e+00   1.0000000e+00   3.1854497e-01   1.6000000e+01
  -3.9555881e-01  -9.4882530e-03   6.0886416e-03  -5.7770572e-05  -2.2853827e-02   2.5540362e-03  -5.8369501e-05   1.0722476e-02  -1.6874138e-02  -1.8093254e-04   7.5770021e+01   1.0000000e+00   1.0000000e+00   3.4998351e-01   1.8000000e+01
   4.5836771e-01  -3.1258571e-02   2.3350040e-02  -7.2988889e-04  -6.4176047e-02   6.9440265e-03  -4.4564018e-04   2.5798224e-02   8.5649221e-03   2.2095978e-04   5.5118412e+01   2.0000000e+00   1.0000000e+00   5.1253061e-01   2.0000000e+01
  -8.2252207e-01   2.0794056e-02   3.4457887e-02   7.1651923e-04  -1.0006944e-01  -1.1172637e-02   1.1180395e-03  -7.5272815e-02  -8.7393562e-03   6.5783595e-04   6.1549624e+01   1.0000000e+00   1.0000000e+00   5.3689190e-01   2.0000000e+01
  -1.8899302e+00  -6.8517141e-02  -1.5090762e-02   1.0339758e-03   1.2736242e-02  -1.3831402e-02  -1.7616008e-04   4.6117376e-02  -2.8979362e-02  -1.3364522e-03   7.1077344e+01   1.0000000e+00   1.0000000e+00   3.7490723e-01   1.2000000e+01
   4.5836771e-01   1.3736605e-02  -2.1904255e-02  -3.0089009e-04  -3.3859936e-02  -3.3068472e-03   1.1196964e-04  -1.4528802e-02   1.3409849e-02  -1.9482904e-04   7.1041752e+01   2.0000000e+00   1.0000000e+00   3.3289557e-01   1.6000000e+01
   3.1404452e-02  -1.0384933e-01   7.9812104e-03  -8.2884337e-04   2.0881123e-02  -4.7712553e-03  -9.9629172e-05   7.0627285e-02  -2.8903178e-03  -2.0413529e-04   5.4978782e+01   1.0000000e+00   1.0000000e+00   1.0815996e-01   1.6000000e+01
  -1.0360037e+00   1.2935517e-01   9.2183241e-03   1.1924379e-03  -8.8575122e-02  -8.1587800e-03   7.2266493e-04   1.3222465e-01   1.8334706e-02   2.4243002e-03   5.7505818e+01   1.0000000e+00   2.0000000e+00   2.8190647e-01   2.6000000e+01
   6.7184935e-01  -1.9004620e-02   6.3250609e-03  -1.2020538e-04  -1.3546717e-02   3.0860862e-02  -4.1806337e-04   3.1320129e-02  -1.6462549e-02  -5.1560916e-04   6.9297741e+01   2.0000000e+00   2.0000000e+00   2.4518319e-01   1.6000000e+01
   4.5836771e-01  -1.5164636e-02  -1.2745154e-02   1.9327562e-04  -4.4533289e-02  -1.5287354e-02   6.8079615e-04   3.4910380e-02  -4.5585242e-03  -1.5913981e-04   8.0123203e+01   1.0000000e+00   2.0000000e+00   1.6048283e-01   1.6000000e+01
   2.4488608e-01  -1.0866522e-01  -2.6394775e-02   2.8681939e-03   3.4250040e-02  -3.5083215e-03  -1.2016015e-04   6.6944021e-02  -2.3698289e-02  -1.5864587e-03   6.0139630e+01   1.0000000e+00   2.0000000e+00   1.8175196e-01   1.5000000e+01
  -3.9555881e-01   4.2193099e-02   1.9326373e-02   8.1543958e-04  -2.3063804e-02   1.2313286e-02  -2.8399122e-04   1.0746204e-01   2.6439179e-02   2.8412082e-03   6.4750171e+01   1.0000000e+00   2.0000000e+00   3.5093779e-01   1.6000000e+01
  -1.2494853e+00   3.3319974e-02   1.4641264e-02   4.8784653e-04  -4.2547135e-02  -3.5342037e-02   1.5037024e-03   3.7118474e-02   5.3239538e-03   1.9761704e-04   7.3806982e+01   1.0000000e+00   2.0000000e+00   1.6864286e-01   1.6000000e+01
   6.7184935e-01  -1.0193980e-02  -3.5521933e-02   3.6210987e-04  -4.8070673e-02  -7.0846210e-03   3.4056250e-04   2.8623300e-02  -6.3356147e-03  -1.8134620e-04   4.2067077e+01   2.0000000e+00   2.0000000e+00   9.6875152e-02   1.6000000e+01
  -6.0904044e-01  -4.9607423e-03   5.8657706e-03  -2.9098576e-05  -1.0242795e-01  -2.9259210e-02   2.9969609e-03  -8.9367867e-02  -1.0137982e-02   9.0600985e-04   5.9685147e+01   2.0000000e+00   2.0000000e+00   1.3001230e-01   1.6000000e+01
   2.4488608e-01  -3.5652409e-02  -1.7499342e-02   6.2389369e-04  -4.2354333e-02  -2.0812163e-02   8.8148529e-04   2.4556698e-03   7.6729151e-03   1.8842146e-05   6.5817933e+01   2.0000000e+00   2.0000000e+00   1.0099238e-01   1.8000000e+01
   2.4488608e-01   5.8692786e-02   2.5976880e-02   1.5246555e-03  -7.4430448e-02  -1.2122485e-02   9.0228202e-04  -2.7889651e-02   1.2452829e-02  -3.4730506e-04   8.0509240e+01   1.0000000e+00   1.0000000e+00   4.5995638e-01   1.6000000e+01
  -1.2494853e+00   6.2056195e-03   2.4203387e-02   1.5019701e-04  -8.1928482e-02  -3.7454703e-02   3.0686070e-03  -1.1579989e-02   9.5130774e-03  -1.1016133e-04   5.8225873e+01   2.0000000e+00   1.0000000e+00   3.2297278e-01   1.4000000e+01
   2.4488608e-01  -2.2070904e-02   3.9811319e-02  -8.7867182e-04  -6.2811125e-02  -4.9610874e-03   3.1161148e-04   1.4009400e-02  -3.6284571e-03  -5.0832508e-05   6.0095825e+01   2.0000000e+00   1.0000000e+00   4.3772507e-01   1.7000000e+01
  -4.4517098e+00   7.2902470e-02  -5.2494965e-03  -3.8270126e-04   4.0498073e-02   3.8325565e-02   1.5521116e-03   4.8758352e-02  -1.9589298e-02  -9.5514191e-04   5.4559890e+01   1.0000000e+00   1.0000000e+00   1.0560395e-01   1.4000000e+01
   2.4488608e-01  -3.9702990e-02   4.2185224e-02  -1.6748795e-03   8.7556686e-03  -7.8050563e-03  -6.8338486e-05   1.0314000e-01   3.5274510e-02   3.6382130e-03   8.1138946e+01   1.0000000e+00   1.0000000e+00   1.7728229e-01   2.0000000e+01
   3.1404452e-02   2.7893174e-02   3.0349877e-02   8.4655439e-04  -5.6033424e-02   8.8569467e-04  -4.9628505e-05   1.1649229e-01   1.5579446e-02   1.8148854e-03   7.5685147e+01   2.0000000e+00   1.0000000e+00   2.0700138e-01   1.8000000e+01
   3.1404452e-02   3.2678355e-02  -4.2898690e-04  -1.4018586e-05  -4.8197447e-02  -1.3065635e-02   6.2973024e-04   6.9767724e-02   3.4453911e-02   2.4037710e-03   6.1360712e+01   1.0000000e+00   1.0000000e+00   3.2585107e-01   2.1000000e+01
  -1.8207718e-01   2.2802123e-02   2.3576984e-03   5.3760528e-05  -2.6839067e-02  -1.8018456e-02   4.8359853e-04   4.8640594e-02   1.6045056e-02   7.8044105e-04   7.3226557e+01   2.0000000e+00   1.0000000e+00   2.2189493e-01   1.2000000e+01
   4.5836771e-01   6.7273866e-03  -2.9153172e-02  -1.9612466e-04  -3.4365293e-02  -2.2295475e-04   7.6619055e-06   6.3728401e-02   2.5428059e-02   1.6204895e-03   6.5382615e+01   1.0000000e+00   1.0000000e+00   1.1254136e-01   2.8000000e+01
  -8.2252207e-01   3.0470499e-02   3.2289769e-02   9.8388535e-04  -1.9377602e-02   2.3277837e-02  -4.5106867e-04  -1.3889108e-02   7.2195541e-03  -1.0027317e-04   7.8702259e+01   2.0000000e+00   1.0000000e+00   3.9399309e-01   1.4000000e+01
  -1.8207718e-01   2.4457796e-02  -4.8615067e-03  -1.1890174e-04  -6.9423000e-02   7.9616637e-03  -5.5272258e-04  -4.4111384e-02  -7.2546535e-04   3.2001281e-05   6.9530459e+01   2.0000000e+00   1.0000000e+00   4.0005340e-01   1.8000000e+01
  -1.0360037e+00   5.2772607e-02   4.7344340e-03   2.4984843e-04   1.7530022e-02   1.5216864e-02   2.6675196e-04   4.8013459e-02  -1.7380435e-03  -8.3449482e-05   7.1660507e+01   2.0000000e+00   1.0000000e+00   3.5932190e-01   1.3000000e+01
   3.1404452e-02  -6.5320035e-03   2.0498970e-02  -1.3389935e-04   1.2161887e-02   1.0993972e-02   1.3370744e-04   5.1956362e-02   1.4990634e-03   7.7885882e-05   7.0885695e+01   2.0000000e+00   1.0000000e+00   1.3981376e-01   1.6000000e+01
  -1.8207718e-01   8.3450168e-02  -8.8286856e-03  -7.3675529e-04   9.0335158e-02   7.5108911e-03   6.7849754e-04  -1.1611212e-02  -3.2435447e-02   3.7661486e-04   5.8124572e+01   1.0000000e+00   1.0000000e+00   1.3805829e-01   1.8000000e+01
   2.4488608e-01  -1.3157867e-02  -2.9636916e-04   3.8995861e-06  -6.6453418e-02  -1.9608341e-02   1.3030413e-03   1.0366381e-02   7.7820198e-03   8.0671382e-05   6.5122519e+01   2.0000000e+00   1.0000000e+00   5.2636410e-01   1.4000000e+01
  -1.8207718e-01  -2.8905676e-02  -7.2340436e-03   2.0910492e-04  -8.6605826e-02  -1.3628153e-03   1.1802774e-04   4.6595757e-02   3.5931028e-03   1.6742335e-04   7.7727584e+01   2.0000000e+00   1.0000000e+00   2.8508390e-01   1.8000000e+01
  -3.9555881e-01  -9.3931864e-03   2.0391866e-02  -1.9154460e-04  -4.6691226e-02   1.9024618e-02  -8.8828272e-04   2.8949100e-02   3.3408133e-03   9.6713538e-05   7.1780972e+01   2.0000000e+00   1.0000000e+00   3.5254342e-01   1.5000000e+01
  -1.8207718e-01  -1.7990069e-02  -6.8993986e-03   1.2412066e-04  -1.8587889e-02  -1.6022825e-02   2.9783048e-04   4.6338600e-02  -8.8568588e-03  -4.1041444e-04   6.7832991e+01   1.0000000e+00   1.0000000e+00   3.5548178e-01   1.6000000e+01
  -2.1034119e+00   7.4483733e-02   4.2252810e-02   3.1471470e-03   1.4790141e-01   6.6609932e-03   9.8517026e-04   1.7519653e-01   3.7474662e-02   6.5654308e-03   7.1263518e+01   2.0000000e+00   2.0000000e+00   1.4314879e-01   1.5000000e+01
  -1.8207718e-01  -1.0116502e-02  -5.7575326e-03   5.8246089e-05  -2.7060324e-02  -1.8312703e-02   4.9554767e-04  -9.5269257e-03   5.0780939e-03  -4.8378623e-05   6.8183436e+01   1.0000000e+00   1.0000000e+00   1.2330451e-01   2.4000000e+01
   2.4488608e-01  -5.0203622e-02  -1.6671361e-02   8.3696270e-04  -6.0376952e-02  -1.5324426e-02   9.2524215e-04   8.7490898e-03   6.0343916e-03   5.2795435e-05   6.2650240e+01   2.0000000e+00   1.0000000e+00   1.2113245e-01   1.2000000e+01
   3.1404452e-02   1.1719900e-02   8.8176132e-03   1.0334155e-04  -6.6331320e-02   9.8664680e-04  -6.5445585e-05  -1.1379146e-02  -1.6014843e-02   1.8223525e-04   7.5110198e+01   2.0000000e+00   1.0000000e+00   6.7775073e-02   1.6000000e+01
   3.1404452e-02   5.2345496e-02   1.8631295e-02   9.7526440e-04  -1.9143548e-02   1.8385703e-03  -3.5196759e-05   1.2005440e-02  -6.6453933e-03  -7.9780872e-05   7.1696099e+01   2.0000000e+00   1.0000000e+00   6.3247501e-02   1.4000000e+01
   2.4488608e-01   3.1417256e-03  -1.2720530e-02  -3.9964413e-05  -7.9510814e-03  -3.0079945e-02   2.3916809e-04   1.5614408e-02  -2.7694293e-02  -4.3242998e-04   7.2640657e+01   2.0000000e+00   1.0000000e+00   2.2554090e-01   1.6000000e+01
   2.4488608e-01  -1.9957498e-02  -2.8436313e-03   5.6751767e-05   1.3568835e-03  -5.1094207e-03  -6.9328885e-06  -8.0547351e-03   1.4305547e-02  -1.1522740e-04   6.5330595e+01   2.0000000e+00   2.0000000e+00   4.7402718e-01   1.6000000e+01
   2.4488608e-01  -2.1264073e-02  -1.6101651e-02   3.4238668e-04  -1.0733922e-02   5.1927690e-03  -5.5738780e-05  -3.1119177e-02   2.8302541e-02  -8.8075178e-04   8.0262834e+01   1.0000000e+00   2.0000000e+00   3.1874694e-01   1.8000000e+01
   2.4488608e-01   5.6566637e-03  -2.0325536e-02  -1.1497472e-04  -8.7087124e-02  -2.9232152e-02   2.5457441e-03  -1.8538835e-02   1.8603235e-02  -3.4488231e-04   6.8210815e+01   2.0000000e+00   2.0000000e+00   1.5078652e-01   1.6000000e+01
   4.5836771e-01  -4.3442749e-02   9.4653494e-03  -4.1120080e-04   3.8801950e-02   6.7954559e-03   2.6367694e-04  -2.1876650e-02   4.3522945e-04  -9.5213624e-06   7.1203285e+01   2.0000000e+00   2.0000000e+00   2.7909170e-01   1.3000000e+01
  -1.8207718e-01  -5.1046320e-02   2.0481917e-02  -1.0455265e-03  -2.1691355e-02   1.5122735e-02  -3.2803261e-04   1.3396216e-02   8.0103893e-03   1.0730890e-04   7.8193018e+01   2.0000000e+00   2.0000000e+00   3.5695234e-01   2.0000000e+01
   4.5836771e-01   3.6350107e-02  -4.5932241e-03  -1.6696418e-04   1.2816937e-02   2.5560616e-02   3.2760881e-04   5.8079270e-02   8.5499295e-03   4.9657366e-04   8.0312115e+01   2.0000000e+00   2.0000000e+00   4.6346800e-01   1.8000000e+01
  -1.8207718e-01  -2.7611177e-02  -2.4417771e-02   6.7420339e-04  -2.8614373e-02  -8.2931099e-03   2.3730214e-04   1.2867506e-02  -2.0594757e-04  -2.6500316e-06   6.6157426e+01   1.0000000e+00   2.0000000e+00   5.3305378e-01   1.9000000e+01
   4.5836771e-01   1.8633095e-02   2.0170667e-02   3.7584196e-04  -4.8413850e-02   1.7419563e-02  -8.4334812e-04  -4.2976024e-02   1.4470476e-02  -6.2188354e-04   7.4305270e+01   2.0000000e+00   1.0000000e+00   4.9368007e-01   2.0000000e+01
   4.5836771e-01  -3.9283969e-02   8.0605362e-03  -3.1664986e-04   1.2710721e-02   1.5719320e-02   1.9980389e-04   7.1641420e-03   2.6523840e-03   1.9002056e-05   7.7481177e+01   1.0000000e+00   1.0000000e+00   3.6784445e-01   1.8000000e+01
   2.4488608e-01   1.1187366e-02   1.3083694e-02   1.4637207e-04   1.3176953e-01   1.3021062e-02   1.7157793e-03  -2.7100009e-02  -2.9221076e-03   7.9189143e-05   6.7969884e+01   2.0000000e+00   1.0000000e+00   3.2949881e-01   1.8000000e+01
  -8.2252207e-01   2.4611846e-02   3.2607623e-02   8.0253380e-04   1.5288144e-01   2.2714585e-02   3.4726384e-03  -4.0282082e-02  -1.8055976e-03   7.2733231e-05   6.4840520e+01   1.0000000e+00   1.0000000e+00   2.9423586e-01   2.0000000e+01
  -6.0904044e-01   6.2162946e-02   2.8269822e-02   1.7573354e-03  -1.9048619e-02   9.5617349e-04  -1.8213785e-05  -1.2084172e-02   2.9826024e-03  -3.6042281e-05   5.1389459e+01   2.0000000e+00   1.0000000e+00   2.1000487e-01   2.0000000e+01
  -8.2252207e-01   7.7349657e-02   4.4164375e-02   3.4160993e-03   8.6514096e-02   4.4481822e-03   3.8483046e-04  -7.4648351e-02   2.2950595e-02  -1.7132241e-03   6.4377823e+01   2.0000000e+00   1.0000000e+00   1.2510038e-01   1.4000000e+01
   3.1404452e-02  -3.4244092e-02  -5.7498045e-03   1.9689684e-04   1.0327027e-01   4.6230346e-03   4.7742201e-04  -2.5346616e-02  -5.6590325e-03   1.4343732e-04   6.7167693e+01   2.0000000e+00   1.0000000e+00   3.4054519e-01   1.8000000e+01
   6.7184935e-01   6.9033694e-03   5.8755417e-03   4.0561035e-05   1.0590111e-01  -9.5988967e-03  -1.0165338e-03  -1.2847243e-01  -1.0713861e-02   1.3764357e-03   6.1541410e+01   1.0000000e+00   1.0000000e+00   2.4204337e-01   1.8000000e+01
  -3.9555881e-01   1.0644831e-01   7.1086513e-02   7.5670388e-03   1.1327123e-01   8.2070742e-04   9.2962539e-05  -4.3640795e-02   4.6457138e-03  -2.0274264e-04   6.2658453e+01   2.0000000e+00   1.0000000e+00   1.0068947e-01   1.4000000e+01
   3.1404452e-02   1.4465432e-01   2.0647821e-02   2.9867965e-03  -3.1381864e-02  -1.6320181e-02   5.1215770e-04   8.5014060e-02   1.6573720e-02   1.4089992e-03   5.7790554e+01   1.0000000e+00   1.0000000e+00   1.4460106e-01   1.2000000e+01
  -3.9555881e-01  -8.0835776e-04   1.9739970e-02  -1.5956958e-05   1.0417214e-01   2.4554449e-02   2.5578896e-03  -1.0577994e-01   3.5781661e-03  -3.7849820e-04   6.8418891e+01   1.0000000e+00   1.0000000e+00   2.0844889e-01   1.6000000e+01
   2.4488608e-01   2.4629711e-02  -9.8979306e-03  -2.4378317e-04   6.9370973e-02   9.9309324e-03   6.8891845e-04  -6.1491706e-02   6.2106112e-03  -3.8190108e-04   6.1661875e+01   2.0000000e+00   1.0000000e+00   2.5523421e-01   1.8000000e+01
   4.5836771e-01  -3.6690788e-02  -3.2325741e-03   1.1860569e-04   7.5934459e-02  -1.1898957e-02  -9.0354084e-04  -2.1228041e-02  -1.7559205e-02   3.7274751e-04   7.2960986e+01   2.0000000e+00   1.0000000e+00   2.1339220e-01   1.6000000e+01
   2.4488608e-01  -2.7621882e-02  -4.7124343e-03   1.3016630e-04   1.2429418e-01  -3.5527956e-03  -4.4159182e-04  -1.2174032e-01   1.5489916e-02  -1.8857473e-03   6.6737851e+01   1.0000000e+00   1.0000000e+00   2.9537715e-01   1.7000000e+01
   2.4488608e-01  -2.9625055e-02  -6.1600247e-04   1.8249107e-05   1.1951344e-01   2.5799692e-02   3.0834098e-03  -6.5797762e-02  -3.2503087e-04   2.1386304e-05   5.0642026e+01   1.0000000e+00   1.0000000e+00   4.2870043e-01   2.1000000e+01
  -1.2494853e+00   5.1983263e-02   4.5278475e-02   2.3537229e-03   1.6441849e-01   1.7353714e-02   2.8532715e-03  -6.2870186e-02  -1.1985092e-02   7.5350499e-04   5.4305270e+01   1.0000000e+00   1.0000000e+00   4.5960475e-01   1.6000000e+01
   6.7184935e-01   4.8726358e-02   1.1465836e-02   5.5868845e-04   9.1093698e-02   2.5517934e-02   2.3245230e-03  -7.2815783e-02  -2.7918672e-02   2.0329200e-03   6.6929500e+01   2.0000000e+00   1.0000000e+00   1.6368102e-01   1.6000000e+01
  -1.2494853e+00   2.3502586e-02   1.6023523e-02   3.7659422e-04   6.4834813e-02  -1.8175548e-03  -1.1784083e-04  -5.2572660e-02  -9.1429825e-03   4.8067091e-04   7.6544832e+01   2.0000000e+00   1.0000000e+00   4.5413738e-01   1.6000000e+01
  -6.0904044e-01   3.8710800e-02   4.4947704e-02   1.7399616e-03   4.2121241e-02   4.0146502e-02   1.6910205e-03   2.0431791e-02  -3.3439077e-02  -6.8322025e-04   6.8240931e+01   2.0000000e+00   1.0000000e+00   1.8607005e-01   1.8000000e+01
  -8.2252207e-01  -3.4507568e-02   2.7233971e-03  -9.3977813e-05   1.3396494e-01   1.5327299e-02   2.0533207e-03  -4.8530968e-02  -3.4661281e-02   1.6821455e-03   6.7770021e+01   1.0000000e+00   1.0000000e+00   2.0941308e-01   2.0000000e+01
  -1.0360037e+00   4.5284420e-02  -3.1810890e-02  -1.4405377e-03   1.6129107e-01   2.1938051e-03   3.5384118e-04  -7.9086229e-02  -2.5915048e-02   2.0495234e-03   5.6147844e+01   1.0000000e+00   1.0000000e+00   2.2933973e-01   2.0000000e+01
  -6.0904044e-01   1.6090546e-02   1.7742667e-02   2.8548920e-04   7.9211831e-02  -4.1846494e-03  -3.3147374e-04  -9.9513964e-02   1.1681892e-03  -1.1625114e-04   6.5900068e+01   2.0000000e+00   1.0000000e+00   2.4836525e-01   1.6000000e+01
   4.5836771e-01  -1.9883397e-02   2.8558244e-02  -5.6783490e-04   1.0954223e-01   7.9052227e-03   8.6595570e-04  -4.3280135e-02   1.2947793e-03  -5.6038224e-05   7.2643395e+01   1.0000000e+00   1.0000000e+00   1.3055582e-01   2.1000000e+01
   2.4488608e-01   4.9083136e-02  -6.4326797e-03  -3.1573609e-04   5.6528865e-02   1.0133935e-02   5.7285986e-04  -6.6455555e-02  -3.5622057e-03   2.3672835e-04   5.9071869e+01   2.0000000e+00   1.0000000e+00   1.5324049e-01   1.8000000e+01
  -6.0904044e-01   3.6919417e-02  -1.7098195e-02  -6.3125540e-04   9.1816108e-02  -2.8330854e-02  -2.6012288e-03  -1.0759805e-01   6.5395090e-03  -7.0363839e-04   6.1305955e+01   2.0000000e+00   1.0000000e+00   5.4772573e-01   1.8000000e+01
  -1.8207718e-01  -2.7050734e-02  -7.7554916e-03   2.0979174e-04   2.3608677e-02   5.0743332e-03   1.1979829e-04   6.2947535e-03  -1.4751443e-02  -9.2856697e-05   7.4275154e+01   2.0000000e+00   1.0000000e+00   1.2366751e-01   2.0000000e+01
  -1.0360037e+00  -1.1954845e-02  -7.0586331e-03   8.4384867e-05   8.1644110e-02   1.6195276e-02   1.3222489e-03  -1.0385573e-01  -1.2946983e-02   1.3446184e-03   7.8280630e+01   2.0000000e+00   1.0000000e+00   2.3908893e-01   1.9000000e+01
   3.1404452e-02  -2.1872917e-02   5.1962524e-03  -1.1365720e-04   6.2411930e-02   3.7215881e-02   2.3227149e-03  -7.1126487e-02  -3.8827253e-02   2.7616461e-03   6.6332649e+01   2.0000000e+00   2.0000000e+00   3.0439439e-01   1.6000000e+01
  -1.8207718e-01   6.0988931e-02  -3.7414374e-02  -2.2818627e-03   6.2506462e-02   1.1821956e-03   7.3894861e-05  -5.5675183e-02   4.4186600e-03  -2.4600970e-04   6.5938398e+01   1.0000000e+00   2.0000000e+00   3.8218658e-01   1.7000000e+01
  -1.0360037e+00   2.5131185e-02   7.1808225e-03   1.8046258e-04   1.5787964e-01   2.3824400e-02   3.7613877e-03   4.0693587e-02   2.2008477e-02   8.9560387e-04   7.3316906e+01   1.0000000e+00   2.0000000e+00   3.6978234e-01   1.4000000e+01
  -2.1034119e+00   1.0635873e-01   3.2227619e-02   3.4276886e-03   1.7905229e-01   3.9535530e-02   7.0789273e-03  -8.6413722e-02  -2.1370987e-02   1.8467466e-03   5.4075291e+01   1.0000000e+00   2.0000000e+00   1.1810434e-01   1.6000000e+01
   4.5836771e-01   1.0072304e-01   1.2359439e-02   1.2448804e-03   7.6592354e-02   8.4197326e-03   6.4488714e-04   5.8310309e-02   7.0410078e-03   4.1056334e-04   7.6588638e+01   2.0000000e+00   2.0000000e+00   5.4739583e-01   1.6000000e+01
  -1.4629670e+00   2.5560570e-02   1.2729561e-02   3.2537482e-04   9.2997380e-02   8.3066477e-03   7.7249647e-04  -9.2113040e-02  -1.3387109e-02   1.2331273e-03   6.2907598e+01   2.0000000e+00   2.0000000e+00   3.1350541e-01   1.3000000e+01
   4.5836771e-01  -4.8017569e-02  -3.7889366e-02   1.8193553e-03   1.3721433e-01   2.2456095e-03   3.0812981e-04  -4.9608709e-02   7.2769090e-04  -3.6099806e-05   6.4301164e+01   1.0000000e+00   2.0000000e+00   1.0667006e-01   1.6000000e+01
   2.4488608e-01   5.8747514e-02   1.1168941e-02   6.5614755e-04   6.3437978e-02   1.9797990e-02   1.2559445e-03  -1.6135552e-02   1.9119949e-02  -3.0851093e-04   6.1664613e+01   1.0000000e+00   1.0000000e+00   2.0848114e-01   1.6000000e+01
   4.5836771e-01   3.1142709e-02   1.9180574e-03   5.9733504e-05   5.7278144e-02   2.6810983e-03   1.5356833e-04  -1.3647575e-02  -2.3672205e-02   3.2306820e-04   6.5010267e+01   1.0000000e+00   1.0000000e+00   1.8528301e-01   1.2000000e+01
   4.5836771e-01  -6.2784946e-02  -3.8082479e-02   2.3910064e-03   1.8718043e-03   6.2741456e-03   1.1743973e-05   6.0891812e-03   1.3068232e-03   7.9574835e-06   6.6680356e+01   1.0000000e+00   2.0000000e+00   2.7057787e-01   1.6000000e+01
   6.7184935e-01  -9.0645563e-02  -3.2320796e-02   2.9297368e-03  -3.8949879e-02  -4.2507460e-03   1.6556604e-04   3.9862242e-02   1.3235041e-02   5.2757841e-04   8.3967146e+01   2.0000000e+00   2.0000000e+00   5.1093960e-01   1.5000000e+01
   6.7184935e-01  -1.2168109e-01  -4.0285590e-02   4.9019947e-03  -2.1125769e-02   2.6653553e-03  -5.6307679e-05   3.6374833e-02   1.0685448e-02   3.8868139e-04   6.8780287e+01   1.0000000e+00   2.0000000e+00   1.0482316e-01   1.6000000e+01
   4.5836771e-01  -3.7530232e-02  -1.7998842e-02   6.7550073e-04  -3.8209203e-03  -1.3736116e-02   5.2484605e-05   1.2164596e-02   8.6577156e-03   1.0531761e-04   7.2380561e+01   1.0000000e+00   2.0000000e+00   4.1971218e-01   1.8000000e+01
  -1.8207718e-01  -4.9873346e-02  -9.2432577e-03   4.6099219e-04  -1.5913865e-02  -3.1385005e-03   4.9945674e-05   4.1723327e-02   1.8013848e-03   7.5159769e-05   7.3319644e+01   2.0000000e+00   1.0000000e+00   3.3309317e-01   1.9000000e+01
   6.7184935e-01  -9.9535566e-02  -1.5460950e-02   1.5389144e-03   1.6678866e-02   3.8315281e-03   6.3905543e-05   5.8089359e-03   1.0021371e-02   5.8213504e-05   8.3345654e+01   1.0000000e+00   2.0000000e+00   1.7682119e-01   1.9000000e+01
   6.7184935e-01  -2.3522750e-02  -2.0178218e-02   4.7464719e-04  -1.7283910e-02  -6.4780154e-03   1.1196543e-04  -1.4577471e-02   9.5930120e-03  -1.3984186e-04   4.8219028e+01   2.0000000e+00   1.0000000e+00   2.7126516e-01   1.8000000e+01
  -3.9555881e-01  -3.3094635e-02  -1.6624756e-02   5.5019021e-04   1.2763840e-02  -6.7569283e-03  -8.6244354e-05   2.2265189e-02  -3.3848850e-03  -7.5365107e-05   7.2457221e+01   2.0000000e+00   2.0000000e+00   2.1730389e-01   1.4000000e+01
   6.7184935e-01  -2.2951355e-02  -2.4450923e-02   5.6118181e-04  -7.2030368e-02  -3.7645613e-03   2.7116273e-04   6.2791704e-02   1.9501652e-02   1.2245419e-03   8.1256674e+01   2.0000000e+00   2.0000000e+00   2.5080733e-01   1.6000000e+01
   6.7184935e-01  -7.0596794e-02   1.7957971e-02  -1.2677752e-03   2.0911461e-02  -1.6208286e-02  -3.3893894e-04   5.3017087e-03   1.7065120e-02   9.0474296e-05   6.2639288e+01   2.0000000e+00   1.0000000e+00   1.4632165e-01   2.0000000e+01
   4.5836771e-01  -6.5341345e-02  -3.7762227e-02   2.4674347e-03   5.7930613e-02   1.5612634e-02   9.0444945e-04  -7.2145103e-03   2.1774860e-03  -1.5709495e-05   7.5099247e+01   1.0000000e+00   2.0000000e+00   1.9665031e-01   2.0000000e+01
   6.7184935e-01  -5.2607742e-02  -3.9617145e-02   2.0841685e-03  -4.1035243e-02   3.0462888e-03  -1.2500520e-04   3.5118428e-03   2.5377012e-02   8.9120076e-05   6.3704312e+01   1.0000000e+00   2.0000000e+00   2.7453804e-01   1.6000000e+01
   6.7184935e-01  -4.6698133e-02  -1.6805322e-04   7.8477717e-06   1.1740356e-02   8.3818923e-03   9.8406398e-05   9.5805389e-03  -1.5833070e-02  -1.5168934e-04   6.5648186e+01   2.0000000e+00   2.0000000e+00   2.8233747e-01   2.0000000e+01
   6.7184935e-01  -9.6896875e-03  -1.1989064e-02   1.1617029e-04   3.6912884e-02   1.7705366e-02   6.5355614e-04  -4.4921193e-03  -1.9928260e-02   8.9520121e-05   5.9693361e+01   1.0000000e+00   1.0000000e+00   2.5241703e-01   1.8000000e+01
   6.7184935e-01  -3.2256470e-02  -3.1746564e-02   1.0240321e-03   1.2945378e-02   5.5018780e-03   7.1223890e-05  -2.5462649e-04  -5.7713057e-03   1.4695273e-06   5.3642710e+01   2.0000000e+00   1.0000000e+00   4.3566983e-01   1.8000000e+01
   6.7184935e-01  -4.4260856e-02  -3.1295825e-02   1.3851800e-03  -3.9357121e-02   2.1680683e-02  -8.5328927e-04   4.1355006e-03   1.3123342e-02   5.4271589e-05   5.8513347e+01   1.0000000e+00   2.0000000e+00   1.8831085e-01   1.9000000e+01
   6.7184935e-01  -3.9043474e-02   5.6435435e-02  -2.2034355e-03   1.1610401e-02   2.1560112e-02   2.5032153e-04  -1.0799468e-02  -7.3782394e-03   7.9681062e-05   6.7400411e+01   1.0000000e+00   1.0000000e+00   1.9445468e-01   1.3000000e+01
   6.7184935e-01  -6.4007396e-02  -1.8014621e-02   1.1530690e-03  -2.5555883e-03  -1.0354346e-03   2.6461446e-06   1.3749104e-02   4.8505635e-03   6.6690903e-05   5.4806297e+01   1.0000000e+00   1.0000000e+00   2.4082359e-01   1.9000000e+01
   6.7184935e-01  -2.3855376e-02  -2.7685114e-02   6.6043882e-04  -3.3692270e-02   3.7980769e-04  -1.2796583e-05   2.7392424e-02   2.1168635e-02   5.7986024e-04   6.0391513e+01   1.0000000e+00   2.0000000e+00   1.5218472e-01   2.0000000e+01
   4.5836771e-01  -8.6353464e-02  -1.6257215e-02   1.4038668e-03  -3.1536989e-02   8.4649873e-03  -2.6696021e-04   4.4344267e-02  -1.6007721e-02  -7.0985066e-04   7.2657084e+01   1.0000000e+00   1.0000000e+00   1.6382011e-01   2.0000000e+01
   6.7184935e-01  -1.1322403e-02  -4.1935606e-03   4.7481182e-05   1.0670814e-02   2.5859654e-02   2.7594357e-04   1.0437976e-02  -1.0305722e-02  -1.0757088e-04   8.0249144e+01   2.0000000e+00   2.0000000e+00   5.2043577e-01   1.4000000e+01
   6.7184935e-01  -7.9395952e-02  -4.1516239e-02   3.2962213e-03   1.3863891e-02  -2.6421128e-03  -3.6629965e-05  -2.9157106e-02   1.5767729e-02  -4.5974134e-04   7.9545517e+01   1.0000000e+00   2.0000000e+00   1.9660274e-01   2.0000000e+01
   6.7184935e-01  -8.1996490e-02  -1.3744986e-02   1.1270406e-03  -1.1390815e-02   1.2811422e-02  -1.4593253e-04   1.8014280e-03  -4.5373060e-03  -8.1736299e-06   7.0937714e+01   2.0000000e+00   1.0000000e+00   2.1967832e-01   2.0000000e+01
   6.7184935e-01  -6.1344688e-02  -2.2344597e-02   1.3707223e-03  -7.6745904e-04  -1.9940703e-02   1.5303673e-05   8.5251811e-05   4.2276836e-03   3.6041768e-07   7.1553730e+01   2.0000000e+00   1.0000000e+00   1.4734252e-01   1.6000000e+01
   6.7184935e-01  -8.3196238e-02  -3.0371125e-02   2.5267634e-03  -3.2423835e-02  -4.5047225e-03   1.4606038e-04  -3.8967016e-02  -1.2564674e-02   4.8960787e-04   6.4769336e+01   2.0000000e+00   2.0000000e+00   2.7824193e-01   1.8000000e+01
   4.5836771e-01  -2.2243801e-03  -1.2526190e-02   2.7863008e-05  -3.9405580e-03   7.6041693e-03  -2.9964670e-05  -1.8964305e-03  -1.6271626e-02   3.0858008e-05   4.5511294e+01   2.0000000e+00   1.0000000e+00   1.6112506e-01   1.6000000e+01
   4.5836771e-01   4.0027405e-04   1.4956805e-02   5.9868208e-06  -2.8896803e-02  -6.6484789e-03   1.9211978e-04  -8.9050541e-03   1.1183019e-02  -9.9585391e-05   6.7208761e+01   2.0000000e+00   2.0000000e+00   3.5996498e-01   1.8000000e+01
   6.7184935e-01  -6.1909686e-02  -4.8675769e-02   3.0135015e-03  -1.5577921e-02  -1.8061066e-02   2.8135386e-04   4.2386149e-02  -2.4523777e-03  -1.0394685e-04   7.3316906e+01   1.0000000e+00   2.0000000e+00   2.2927056e-01   2.0000000e+01
  -1.8207718e-01   9.1604062e-03  -9.7413813e-03  -8.9235009e-05  -2.6522331e-04   1.1782272e-02  -3.1249332e-06   1.0147215e-02   1.2654263e-02   1.2840553e-04   6.1210130e+01   2.0000000e+00   1.0000000e+00   8.4337167e-02   1.2000000e+01
   6.7184935e-01  -8.6988653e-02  -1.8551038e-02   1.6137299e-03   5.6137391e-02   6.0562687e-03   3.3998312e-04   1.9859687e-02  -6.9254953e-03  -1.3753817e-04   5.5671458e+01   1.0000000e+00   2.0000000e+00   2.0474504e-01   1.6000000e+01
   6.7184935e-01  -2.1036704e-02  -2.8917318e-02   6.0832507e-04   4.7987561e-03  -1.1432763e-02  -5.4863042e-05   7.4193203e-03  -1.7145533e-02  -1.2720820e-04   5.7418207e+01   2.0000000e+00   1.0000000e+00   5.4227894e-01   1.8000000e+01
   3.1404452e-02  -9.7851566e-02  -4.5452017e-02   4.4475511e-03   2.6065386e-02  -1.6446346e-02  -4.2868036e-04   6.7357817e-03   3.0787819e-02   2.0738003e-04   6.8793977e+01   1.0000000e+00   2.0000000e+00   2.6032759e-01   1.8000000e+01
   6.7184935e-01  -4.7028103e-02  -4.5457230e-02   2.1377673e-03  -3.7557542e-02  -1.3157489e-03   4.9416293e-05  -1.8963806e-02   2.2886570e-02  -4.3401647e-04   6.0941821e+01   2.0000000e+00   1.0000000e+00   4.0537458e-01   1.8000000e+01
   4.5836771e-01   4.9030130e-03  -3.5817177e-03  -1.7561209e-05  -5.6523698e-02  -3.2035509e-02   1.8107654e-03   2.2992747e-02   2.0102219e-02   4.6220523e-04   7.9299110e+01   2.0000000e+00   2.0000000e+00   2.2304342e-01   1.8000000e+01
   6.7184935e-01  -4.4133953e-02  -1.7804290e-03   7.8577367e-05  -3.6430716e-03   9.3503259e-03  -3.4063906e-05   1.2183492e-02  -1.4360056e-02  -1.7495564e-04   4.8657084e+01   2.0000000e+00   2.0000000e+00   1.3973922e-01   1.6000000e+01
   6.7184935e-01  -5.8392652e-02   1.7269338e-02  -1.0084024e-03  -3.1340458e-02   2.2798194e-03  -7.1450583e-05  -4.3753667e-03   4.1633035e-03  -1.8215979e-05   7.2711841e+01   1.0000000e+00   1.0000000e+00   3.7795451e-01   1.8000000e+01
   6.7184935e-01  -5.9886705e-02  -4.3876321e-02   2.6276083e-03   1.8978094e-02   9.9065291e-03   1.8800705e-04   1.5945149e-02   2.0082443e-02   3.2021755e-04   6.0147844e+01   1.0000000e+00   1.0000000e+00   2.0867772e-01   1.8000000e+01
   4.5836771e-01  -6.2277420e-02   4.5699199e-03  -2.8460282e-04  -8.2562419e-03   9.7529968e-03  -8.0523101e-05   1.5291264e-03   1.0761589e-02   1.6455830e-05   7.6539357e+01   2.0000000e+00   2.0000000e+00   1.2264991e-01   1.6000000e+01
   6.7184935e-01  -4.6931512e-02  -8.9231130e-03   4.1877519e-04  -1.1301897e-03  -3.3288704e-02   3.7622549e-05  -2.0122011e-02   4.5367516e-03  -9.1288568e-05   6.8887064e+01   1.0000000e+00   2.0000000e+00   1.4826006e-01   1.8000000e+01
   4.5836771e-01  -8.0123257e-02  -4.8368681e-02   3.8754563e-03  -2.9856453e-02   2.1119198e-03  -6.3054435e-05   5.3073601e-02   3.4115626e-03   1.8106391e-04   6.8928131e+01   1.0000000e+00   2.0000000e+00   2.0775826e-01   1.8000000e+01
   6.7184935e-01  -1.3460087e-01  -2.2959833e-02   3.0904135e-03   4.5098351e-02  -1.8301437e-02  -8.2536462e-04  -1.4267722e-02  -8.4470105e-03   1.2051960e-04   6.9524983e+01   2.0000000e+00   1.0000000e+00   4.0703964e-01   1.8000000e+01
   4.5836771e-01   1.0878431e-04  -3.4913304e-02  -3.7980195e-06  -2.6483288e-03   2.6984057e-02  -7.1462655e-05  -9.1243011e-03  -9.2276518e-03   8.4195873e-05   6.7195072e+01   2.0000000e+00   1.0000000e+00   3.7185875e-01   1.9000000e+01
   6.7184935e-01  -6.0289251e-02  -3.2166613e-02   1.9393010e-03  -5.6642679e-03   1.0925575e-02  -6.1885386e-05  -1.5580662e-02  -1.8338812e-02   2.8573082e-04   6.6830938e+01   2.0000000e+00   2.0000000e+00   4.4753792e-01   2.0000000e+01
   2.4488608e-01  -5.1053775e-02  -1.1901378e-02   6.0761026e-04  -4.6514053e-02   2.4902140e-04  -1.1582995e-05   5.1718216e-03   3.3117482e-02   1.7127771e-04   8.0993840e+01   1.0000000e+00   2.0000000e+00   1.3186666e-01   2.0000000e+01
   4.5836771e-01  -7.8236477e-02  -2.1435575e-02   1.6770439e-03   3.5277511e-02   2.3586438e-03   8.3207084e-05   2.6498897e-02  -7.8725514e-03  -2.0861393e-04   6.7498973e+01   2.0000000e+00   2.0000000e+00   4.2927206e-01   1.9000000e+01
   4.5836771e-01  -2.5637908e-02  -1.0906292e-02   2.7961450e-04  -1.0113772e-02   1.8614240e-02  -1.8826017e-04  -3.7790612e-03   2.2452426e-02  -8.4849092e-05   6.2340862e+01   2.0000000e+00   2.0000000e+00   1.9134511e-01   1.8000000e+01
   6.7184935e-01  -5.6011905e-02   7.8904978e-03  -4.4196181e-04  -1.3249608e-02  -2.5425854e-03   3.3688260e-05  -2.3598881e-03   9.0576385e-03  -2.1375013e-05   5.5069131e+01   2.0000000e+00   1.0000000e+00   2.3320452e-01   1.5000000e+01
   3.1404452e-02  -5.9445429e-02  -1.7629574e-02   1.0479976e-03   1.1921679e-02  -5.4607960e-03  -6.5101855e-05   2.1645772e-02  -8.3069838e-03  -1.7981108e-04   7.5895962e+01   1.0000000e+00   1.0000000e+00   1.2842337e-01   2.0000000e+01
   2.4488608e-01  -6.5279499e-02  -1.2002083e-02   7.8349000e-04  -4.3905118e-03   2.0786810e-03  -9.1264735e-06  -3.9379758e-02   2.8247787e-02  -1.1123910e-03   6.2565366e+01   2.0000000e+00   1.0000000e+00   5.4768999e-01   1.8000000e+01
   6.7184935e-01  -3.3314389e-02  -2.5927675e-02   8.6376466e-04   9.2348049e-03   2.1105070e-02   1.9490121e-04   1.8652482e-02  -1.0044220e-02  -1.8734964e-04   6.3353867e+01   1.0000000e+00   1.0000000e+00   2.7707367e-01   1.8000000e+01
   6.7184935e-01  -5.0384907e-02  -5.7012449e-02   2.8725670e-03   1.5274794e-02   1.7105088e-02   2.6127669e-04   3.8242449e-02   1.6467037e-02   6.2973983e-04   7.0283368e+01   1.0000000e+00   2.0000000e+00   3.5392571e-01   1.8000000e+01
   4.5836771e-01  -5.0542550e-02  -2.1731496e-02   1.0983652e-03  -5.3274643e-02  -2.7751506e-03   1.4784516e-04  -3.2211530e-03   3.3908257e-02  -1.0922369e-04   7.4064339e+01   1.0000000e+00   2.0000000e+00   1.1372406e-01   2.0000000e+01
   6.7184935e-01  -4.4588474e-02  -2.6521171e-03   1.1825385e-04   1.9389971e-02  -2.1491916e-02  -4.1672763e-04  -4.2139036e-02  -2.1905187e-02   9.2306347e-04   7.1485284e+01   2.0000000e+00   1.0000000e+00   1.6221197e-01   2.0000000e+01
   6.7184935e-01  -5.7243178e-02  -2.9821075e-02   1.7070531e-03   3.0804744e-02   8.2791255e-03   2.5503634e-04   3.9592168e-02  -2.5652973e-03  -1.0156568e-04   4.7490760e+01   2.0000000e+00   2.0000000e+00   1.6144186e-01   2.0000000e+01
   4.5836771e-01  -5.6246573e-03  -2.7855359e-02   1.5667684e-04  -4.4376033e-02   2.1435235e-02  -9.5121067e-04   9.0270834e-03   6.8049503e-03   6.1428854e-05   5.6468172e+01   2.0000000e+00   2.0000000e+00   4.6973121e-01   1.6000000e+01
   6.7184935e-01  -3.7949201e-02  -1.5808755e-03   5.9992962e-05   3.2774945e-02   2.9884472e-02   9.7946194e-04   1.6942614e-02  -1.5439936e-02  -2.6159288e-04   6.2910335e+01   2.0000000e+00   2.0000000e+00   2.5346298e-01   1.6000000e+01
   4.5836771e-01   3.2319951e-02  -4.5485779e-03  -1.4700982e-04  -2.5222639e-02   8.0711817e-03  -2.0357650e-04  -1.0365756e-02   3.5649231e-03  -3.6953124e-05   6.6669405e+01   1.0000000e+00   1.0000000e+00   4.6319688e-01   1.8000000e+01
   6.7184935e-01  -1.0289926e-01  -2.6392389e-02   2.7157574e-03   9.1498091e-03   1.6352800e-02   1.4962500e-04  -5.7472026e-03  -1.8641609e-02   1.0713710e-04   7.3916496e+01   1.0000000e+00   2.0000000e+00   2.6508530e-01   2.0000000e+01
   4.5836771e-01  -6.7678309e-02  -2.0414972e-02   1.3816508e-03  -1.4370973e-02  -1.8566247e-02   2.6681504e-04   2.3194577e-02   2.0192404e-02   4.6835427e-04   7.0587269e+01   2.0000000e+00   2.0000000e+00   2.6182744e-01   1.8000000e+01
   4.5836771e-01  -8.1476132e-02  -3.2733510e-02   2.6669998e-03   8.0166912e-03   1.3960827e-02   1.1191964e-04   2.9068387e-02   1.1312096e-03   3.2882439e-05   6.3542779e+01   2.0000000e+00   1.0000000e+00   4.4041906e-01   1.6000000e+01
   6.7184935e-01  -1.6871901e-02  -3.2115708e-03   5.4185304e-05  -4.0504176e-03   6.4061837e-03  -2.5947719e-05   3.7159558e-02   2.8155362e-02   1.0462408e-03   7.4710472e+01   2.0000000e+00   1.0000000e+00   1.9958123e-01   1.6000000e+01
   3.1404452e-02  -6.2971797e-02   3.3735405e-03  -2.1243791e-04  -6.7169450e-02  -3.6036966e-03   2.4205832e-04  -6.0996467e-03  -3.2987018e-03   2.0120915e-05   7.8967830e+01   1.0000000e+00   2.0000000e+00   2.0709783e-01   1.8000000e+01
  -3.9555881e-01  -9.4292902e-02  -6.9024973e-02   6.5085650e-03  -1.8101397e-02   1.1553008e-02  -2.0912560e-04  -3.0009513e-02   2.9285516e-02  -8.7884406e-04   8.5790554e+01   1.0000000e+00   2.0000000e+00   3.1559433e-01   1.6000000e+01
   4.5836771e-01  -2.9698703e-02  -7.3845269e-03   2.1931087e-04   1.2210806e-02   2.9570931e-02   3.6108491e-04   4.1492199e-02  -3.6509072e-03  -1.5148417e-04   7.5485284e+01   1.0000000e+00   2.0000000e+00   2.8878902e-01   1.8000000e+01
   4.5836771e-01  -5.1997637e-02  -2.6816352e-02   1.3943869e-03  -2.3945554e-02   5.7610054e-03  -1.3795047e-04   2.5714055e-02  -2.4184948e-02  -6.2189308e-04   6.8536619e+01   2.0000000e+00   2.0000000e+00   3.8086184e-01   1.8000000e+01
   6.7184935e-01  -2.9501946e-02   1.5996342e-02  -4.7192321e-04  -2.1898636e-02  -1.2859055e-03   2.8159575e-05  -4.2654846e-02   3.0466523e-02  -1.2995448e-03   6.5787817e+01   2.0000000e+00   1.0000000e+00   1.8399565e-01   1.6000000e+01
   4.5836771e-01  -4.7868880e-02  -3.4068522e-03   1.6308220e-04   1.2096544e-02  -1.4648728e-02  -1.7719898e-04  -2.4634819e-02   1.1327831e-02  -2.7905907e-04   6.7074606e+01   2.0000000e+00   1.0000000e+00   5.4269137e-01   1.7000000e+01
   2.4488608e-01  -4.1312667e-02   2.7129794e-02  -1.1208041e-03  -2.9283617e-02  -1.6040368e-02   4.6972000e-04  -1.3449674e-02  -8.5246623e-03   1.1465393e-04   7.9260780e+01   2.0000000e+00   1.0000000e+00   2.8036412e-01   1.6000000e+01
   4.5836771e-01  -6.4543174e-02  -1.9036963e-03   1.2287060e-04   2.2079797e-02   4.1139104e-02   9.0834306e-04   1.8426651e-02   7.5307106e-04   1.3876578e-05   7.6265572e+01   1.0000000e+00   2.0000000e+00   1.4783970e-01   1.8000000e+01
   6.7184935e-01  -3.4258064e-02  -1.7569668e-02   6.0190282e-04  -6.3703572e-03   2.6554331e-02  -1.6916057e-04  -2.2570426e-03   7.2249511e-03  -1.6307023e-05   6.4427105e+01   1.0000000e+00   1.0000000e+00   1.9476123e-01   2.0000000e+01
   6.7184935e-01  -6.3110754e-02  -1.7535526e-02   1.1066803e-03  -3.3425299e-03   6.0004160e-03  -2.0056570e-05   1.3162626e-02  -6.9752803e-03  -9.1813008e-05   6.9193703e+01   2.0000000e+00   1.0000000e+00   1.9831472e-01   1.6000000e+01
  -3.9555881e-01  -7.5610864e-02  -5.8113481e-02   4.3940105e-03   8.4775237e-03  -2.3802825e-02  -2.0178902e-04   4.6981743e-02  -9.9223675e-04  -4.6617012e-05   7.7273101e+01   1.0000000e+00   2.0000000e+00   3.5021380e-01   2.0000000e+01
   6.7184935e-01   1.7724133e-02  -1.3154752e-02  -2.3315658e-04   3.0131518e-03   3.3500286e-02   1.0094145e-04   9.0235606e-03   2.6508917e-02   2.3920482e-04   7.8647502e+01   1.0000000e+00   2.0000000e+00   8.8739406e-02   1.4000000e+01
   6.7184935e-01  -2.4892285e-02  -2.4238155e-02   6.0334306e-04  -2.9426916e-02  -6.0633422e-03   1.7842546e-04   2.0801555e-03   1.9525229e-02   4.0615512e-05   7.0121834e+01   2.0000000e+00   1.0000000e+00   1.7457605e-01   2.0000000e+01
   6.7184935e-01  -9.5915189e-02  -3.8268872e-03   3.6705661e-04   5.4604619e-03  -1.6881223e-02  -9.2179276e-05  -9.2807565e-03   9.3214552e-03  -8.6510155e-05   7.1115674e+01   2.0000000e+00   2.0000000e+00   1.0617270e-01   2.0000000e+01
   6.7184935e-01  -2.6526488e-02   2.2543812e-03  -5.9800816e-05  -2.7043434e-02  -2.4079773e-02   6.5119976e-04  -2.1218333e-02  -2.1220029e-03   4.5025364e-05   6.0008214e+01   2.0000000e+00   1.0000000e+00   3.7201562e-01   2.0000000e+01
   6.7184935e-01  -2.4753570e-02   1.3227433e-02  -3.2742619e-04  -3.4334274e-02   6.4598492e-03  -2.2179424e-04   1.4785055e-02  -1.2872153e-03  -1.9031549e-05   5.3259411e+01   2.0000000e+00   2.0000000e+00   5.0823459e-01   2.0000000e+01
   6.7184935e-01  -5.9055676e-02  -1.1984011e-02   7.0772385e-04  -1.0895375e-02  -1.1088012e-02   1.2080805e-04   2.2907937e-02  -3.4708697e-02  -7.9510464e-04   5.4392882e+01   2.0000000e+00   1.0000000e+00   1.9629089e-01   1.6000000e+01
